17:49:36.621	110.00	37	253	37.00
17:49:42.829	110.50	110	1000	110.93
17:49:43.070	110.50	110	253	110.93
17:49:43.311	110.50	110	253	110.93
17:49:43.588	110.25	111	253	111.85
17:49:43.830	110.25	111	252	111.85
17:49:44.073	109.75	113	253	113.70
17:49:44.316	110.25	111	252	111.85
17:49:44.594	110.00	112	252	112.78
17:49:44.839	110.50	110	253	110.93
17:49:45.080	110.25	111	253	111.85
17:49:45.358	110.25	111	253	111.85
17:49:45.601	110.00	112	252	112.78
17:49:45.845	110.25	111	253	111.85
17:49:46.087	110.25	111	253	111.85
17:49:46.365	110.50	110	252	110.93
17:49:46.608	110.50	110	253	110.93
17:49:46.850	110.25	111	253	111.85
17:49:47.124	110.50	110	253	110.93
17:49:47.368	110.25	111	252	111.85
17:49:47.609	110.25	111	252	111.85
17:49:47.884	110.25	111	253	111.85
17:49:48.126	109.75	113	252	113.70
17:49:48.369	110.50	110	253	110.93
17:49:48.611	110.25	111	253	111.85
17:49:48.889	110.25	111	253	111.85
17:49:49.130	109.50	114	252	114.63
17:49:49.373	110.25	111	253	111.85
17:49:49.650	110.50	110	253	110.93
17:49:49.895	110.25	111	252	111.85
17:49:50.139	109.75	113	253	113.70
17:49:50.381	110.50	110	253	110.93
17:49:50.659	109.00	116	253	116.48
17:49:50.902	110.25	111	251	111.85
17:49:51.143	109.50	114	253	114.63
17:49:51.386	109.50	114	253	114.63
17:49:51.665	110.25	111	252	111.85
17:49:51.909	109.75	113	253	113.70
17:49:52.149	109.50	114	253	114.63
17:49:52.424	110.25	111	253	111.85
17:49:52.667	110.25	111	252	111.85
17:49:52.910	110.25	111	253	111.85
17:49:53.188	109.25	115	253	115.55
17:49:53.433	110.25	111	252	111.85
17:49:53.672	110.25	111	253	111.85
17:49:53.916	110.50	110	252	110.93
17:49:54.193	109.25	115	253	115.55
17:49:54.438	110.25	111	252	111.85
17:49:54.680	110.25	111	253	111.85
17:49:54.923	109.75	113	253	113.70
17:49:55.200	109.50	114	252	114.63
17:49:55.443	110.00	112	253	112.78
17:49:55.683	109.75	113	253	113.70
17:49:55.961	110.00	112	253	112.78
17:49:56.204	109.75	113	252	113.70
17:49:56.448	110.25	111	253	111.85
17:49:56.690	110.25	111	253	111.85
17:49:56.967	110.25	111	252	111.85
17:49:57.208	109.75	113	252	113.70
17:49:57.450	110.00	112	253	112.78
17:49:57.730	110.25	111	253	111.85
17:49:57.973	110.50	110	252	110.93
17:49:58.214	110.00	112	253	112.78
17:49:58.458	110.25	111	253	111.85
17:49:58.734	110.25	111	252	111.85
17:49:58.978	110.25	111	253	111.85
17:49:59.220	110.25	111	253	111.85
17:49:59.499	110.00	112	253	112.78
17:49:59.743	109.50	114	252	114.63
17:49:59.987	109.75	113	253	113.70
17:50:00.229	110.00	112	253	112.78
17:50:00.507	110.00	112	251	112.78
17:50:00.752	110.00	112	253	112.78
17:50:00.994	110.00	112	253	112.78
17:50:01.238	109.50	114	253	114.63
17:50:01.517	110.00	112	252	112.78
17:50:01.760	110.25	111	253	111.85
17:50:02.005	110.00	112	253	112.78
17:50:02.247	110.00	112	252	112.78
17:50:02.526	110.00	112	253	112.78
17:50:02.768	109.75	113	253	113.70
17:50:03.013	109.25	115	253	115.55
17:50:03.256	110.25	111	252	111.85
17:50:03.534	110.25	111	252	111.85
17:50:03.777	110.00	112	253	112.78
17:50:04.020	109.50	114	252	114.63
17:50:04.263	110.50	110	253	110.93
17:50:04.540	110.25	111	253	111.85
17:50:04.783	110.50	110	253	110.93
17:50:05.025	110.25	111	252	111.85
17:50:05.302	110.25	111	253	111.85
17:50:05.545	110.50	110	253	110.93
17:50:05.788	110.25	111	252	111.85
17:50:06.064	110.50	110	253	110.93
17:50:06.308	110.50	110	253	110.93
17:50:06.553	110.50	110	253	110.93
17:50:06.798	110.25	111	251	111.85
17:50:07.043	110.25	111	253	111.85
17:50:07.320	110.50	110	253	110.93
17:50:07.562	110.25	111	252	111.85
17:50:07.806	110.00	112	253	112.78
17:50:08.084	110.25	111	253	111.85
17:50:08.326	110.25	111	253	111.85
17:50:08.570	110.50	110	252	110.93
17:50:08.814	110.25	111	253	111.85
17:50:09.092	110.00	112	253	112.78
17:50:09.333	110.50	110	252	110.93
17:50:09.575	110.75	110	253	110.00
17:50:09.854	110.50	110	253	110.93
17:50:10.096	110.50	110	252	110.93
17:50:10.341	110.25	111	252	111.85
17:50:10.583	110.25	111	253	111.85
17:50:10.860	110.75	110	253	110.00
17:50:11.103	110.75	110	252	110.00
17:50:11.346	109.50	114	253	114.63
17:50:11.589	110.50	110	253	110.93
17:50:11.868	110.00	112	253	112.78
17:50:12.112	110.50	110	252	110.93
17:50:12.355	110.50	110	253	110.93
17:50:12.599	110.00	112	253	112.78
17:50:12.878	110.75	110	252	110.00
17:50:13.117	111.00	109	252	109.08
17:50:13.362	110.75	110	253	110.00
17:50:13.639	111.00	109	253	109.08
17:50:13.883	110.75	110	252	110.00
17:50:14.125	111.25	108	253	108.15
17:50:14.368	110.75	110	253	110.00
17:50:14.644	111.25	108	252	108.15
17:50:14.884	111.00	109	253	109.08
17:50:15.124	111.00	109	253	109.08
17:50:15.401	110.75	110	253	110.00
17:50:15.644	111.00	109	252	109.08
17:50:15.886	110.50	110	253	110.93
17:50:16.163	111.00	109	253	109.08
17:50:16.405	110.75	110	251	110.00
17:50:16.642	110.50	110	253	110.93
17:50:16.922	111.00	109	253	109.08
17:50:17.164	110.50	110	252	110.93
17:50:17.408	111.00	109	253	109.08
17:50:17.652	111.25	108	253	108.15
17:50:17.930	110.50	110	253	110.93
17:50:18.173	110.00	112	252	112.78
17:50:18.416	111.50	107	253	107.23
17:50:18.658	111.00	109	253	109.08
17:50:18.936	111.50	107	252	107.23
17:50:19.176	110.25	111	253	111.85
17:50:19.417	111.25	108	253	108.15
17:50:19.694	110.75	110	252	110.00
17:50:19.938	110.50	110	252	110.93
17:50:20.180	110.50	110	253	110.93
17:50:20.424	111.50	107	253	107.23
17:50:20.703	111.25	108	252	108.15
17:50:20.947	111.25	108	253	108.15
17:50:21.190	110.50	110	253	110.93
17:50:21.434	111.25	108	253	108.15
17:50:21.712	112.00	105	252	105.38
17:50:21.955	111.75	106	253	106.30
17:50:22.198	110.75	110	253	110.00
17:50:22.476	111.75	106	252	106.30
17:50:22.719	111.50	107	252	107.23
17:50:22.964	111.75	106	253	106.30
17:50:23.207	111.25	108	253	108.15
17:50:23.484	112.00	105	252	105.38
17:50:23.726	111.25	108	253	108.15
17:50:23.969	111.00	109	253	109.08
17:50:24.211	111.50	107	252	107.23
17:50:24.490	111.75	106	253	106.30
17:50:24.733	111.75	106	253	106.30
17:50:24.978	112.00	105	253	105.38
17:50:25.254	112.00	105	252	105.38
17:50:25.497	112.25	104	253	104.45
17:50:25.740	112.00	105	253	105.38
17:50:25.984	111.75	106	251	106.30
17:50:26.261	112.25	104	253	104.45
17:50:26.501	112.00	105	253	105.38
17:50:26.742	112.25	104	253	104.45
17:50:27.021	112.25	104	252	104.45
17:50:27.263	111.75	106	253	106.30
17:50:27.506	112.25	104	253	104.45
17:50:27.748	112.00	105	252	105.38
17:50:28.027	112.00	105	253	105.38
17:50:28.270	111.75	106	253	106.30
17:50:28.513	112.75	102	253	102.60
17:50:28.756	112.00	105	252	105.38
17:50:29.034	112.50	103	253	103.53
17:50:29.275	112.50	103	252	103.53
17:50:29.520	112.50	103	252	103.53
17:50:29.798	112.75	102	253	102.60
17:50:30.041	112.50	103	253	103.53
17:50:30.282	112.50	103	253	103.53
17:50:30.524	112.75	102	252	102.60
17:50:30.802	112.50	103	253	103.53
17:50:31.047	112.50	103	253	103.53
17:50:31.290	111.50	107	252	107.23
17:50:31.533	112.75	102	253	102.60
17:50:31.808	112.50	103	253	103.53
17:50:32.053	112.75	102	253	102.60
17:50:32.294	113.00	101	251	101.68
17:50:32.572	112.75	102	253	102.60
17:50:32.817	113.25	100	253	100.75
17:50:33.061	113.25	100	252	100.75
17:50:33.305	113.00	101	253	101.68
17:50:33.582	113.00	101	253	101.68
17:50:33.826	113.00	101	253	101.68
17:50:34.069	112.50	103	252	103.53
17:50:34.312	113.25	100	253	100.75
17:50:34.590	113.25	100	253	100.75
17:50:34.834	113.00	101	252	101.68
17:50:35.075	113.00	101	253	101.68
17:50:35.353	113.25	100	253	100.75
17:50:35.596	113.25	100	252	100.75
17:50:35.839	112.75	102	252	102.60
17:50:36.081	113.00	101	253	101.68
17:50:36.357	113.50	99	253	99.83
17:50:36.598	113.25	100	252	100.75
17:50:36.841	113.50	99	253	99.83
17:50:37.119	113.50	99	253	99.83
17:50:37.362	113.50	99	252	99.83
17:50:37.604	113.25	100	253	100.75
17:50:37.848	113.50	99	253	99.83
17:50:38.126	113.50	99	252	99.83
17:50:38.371	113.75	98	253	98.90
17:50:38.614	113.50	99	252	99.83
17:50:38.858	114.00	97	252	97.98
17:50:39.133	113.75	98	253	98.90
17:50:39.375	113.75	98	252	98.90
17:50:39.619	113.75	98	253	98.90
17:50:39.896	113.25	100	252	100.75
17:50:40.138	114.00	97	253	97.98
17:50:40.382	113.50	99	253	99.83
17:50:40.625	114.00	97	252	97.98
17:50:40.902	114.25	97	253	97.05
17:50:41.141	114.25	97	253	97.05
17:50:41.385	113.00	101	252	101.68
17:50:41.663	114.00	97	253	97.98
17:50:41.907	114.25	97	251	97.05
17:50:42.150	113.75	98	253	98.90
17:50:42.395	114.25	97	253	97.05
17:50:42.674	114.25	97	252	97.05
17:50:42.917	114.50	96	253	96.13
17:50:43.158	114.00	97	252	97.98
17:50:43.402	114.25	97	253	97.05
17:50:43.681	114.50	96	253	96.13
17:50:43.926	114.00	97	252	97.98
17:50:44.169	113.50	99	253	99.83
17:50:44.413	114.25	97	252	97.05
17:50:44.690	114.25	97	253	97.05
17:50:44.934	114.50	96	252	96.13
17:50:45.175	113.50	99	252	99.83
17:50:45.420	114.50	96	253	96.13
17:50:45.697	114.50	96	252	96.13
17:50:45.940	115.00	94	253	94.28
17:50:46.183	113.50	99	253	99.83
17:50:46.461	114.75	95	252	95.20
17:50:46.705	114.50	96	253	96.13
17:50:46.947	114.25	97	252	97.05
17:50:47.190	114.00	97	253	97.98
17:50:47.469	114.75	95	253	95.20
17:50:47.713	114.75	95	252	95.20
17:50:47.957	114.75	95	253	95.20
17:50:48.196	114.25	97	251	97.05
17:50:48.474	114.75	95	253	95.20
17:50:48.717	114.75	95	253	95.20
17:50:48.959	115.25	93	252	93.35
17:50:49.202	114.25	97	253	97.05
17:50:49.479	114.75	95	252	95.20
17:50:49.721	115.25	93	253	93.35
17:50:49.964	115.25	93	253	93.35
17:50:50.241	114.75	95	252	95.20
17:50:50.486	115.25	93	253	93.35
17:50:50.728	115.00	94	252	94.28
17:50:51.002	115.00	94	253	94.28
17:50:51.246	115.00	94	252	94.28
17:50:51.490	115.50	92	252	92.43
17:50:51.734	115.25	93	253	93.35
17:50:52.012	114.75	95	253	95.20
17:50:52.254	115.25	93	252	93.35
17:50:52.498	114.75	95	253	95.20
17:50:52.740	115.50	92	252	92.43
17:50:53.020	115.25	93	253	93.35
17:50:53.260	115.75	91	253	91.50
17:50:53.505	115.25	93	252	93.35
17:50:53.749	115.25	93	253	93.35
17:50:54.025	115.25	93	252	93.35
17:50:54.264	115.25	93	252	93.35
17:50:54.506	115.25	93	253	93.35
17:50:54.784	115.25	93	252	93.35
17:50:55.026	115.50	92	253	92.43
17:50:55.269	115.25	93	252	93.35
17:50:55.513	115.50	92	253	92.43
17:50:55.792	114.75	95	253	95.20
17:50:56.037	115.75	91	252	91.50
17:50:56.279	115.75	91	253	91.50
17:50:56.521	115.25	93	252	93.35
17:50:56.797	116.00	90	253	90.58
17:50:57.042	116.00	90	253	90.58
17:50:57.284	115.75	91	251	91.50
17:50:57.562	116.00	90	253	90.58
17:50:57.804	116.00	90	252	90.58
17:50:58.049	116.25	89	253	89.65
17:50:58.291	115.75	91	253	91.50
17:50:58.567	116.00	90	252	90.58
17:50:58.810	116.00	90	253	90.58
17:50:59.054	116.25	89	252	89.65
17:50:59.330	116.00	90	253	90.58
17:50:59.575	116.25	89	253	89.65
17:50:59.816	115.25	93	252	93.35
17:51:00.060	115.75	91	253	91.50
17:51:00.337	116.00	90	251	90.58
17:51:00.580	116.00	90	253	90.58
17:51:00.823	116.50	88	253	88.73
17:51:01.067	116.50	88	252	88.73
17:51:01.347	115.25	93	253	93.35
17:51:01.592	116.00	90	252	90.58
17:51:01.835	116.25	89	253	89.65
17:51:02.077	116.25	89	253	89.65
17:51:02.352	115.00	94	252	94.28
17:51:02.595	115.50	92	253	92.43
17:51:02.839	116.25	89	252	89.65
17:51:03.083	116.50	88	253	88.73
17:51:03.359	116.75	87	253	87.80
17:51:03.600	116.25	89	251	89.65
17:51:03.841	116.00	90	253	90.58
17:51:04.117	116.75	87	252	87.80
17:51:04.360	116.75	87	253	87.80
17:51:04.602	116.75	87	253	87.80
17:51:04.878	116.75	87	252	87.80
17:51:05.121	116.75	87	253	87.80
17:51:05.364	117.00	86	252	86.88
17:51:05.640	116.75	87	253	87.80
17:51:05.884	116.75	87	253	87.80
17:51:06.126	117.25	85	252	85.95
17:51:06.370	117.25	85	253	85.95
17:51:06.648	117.25	85	251	85.95
17:51:06.891	117.25	85	253	85.95
17:51:07.133	117.00	86	253	86.88
17:51:07.377	117.00	86	252	86.88
17:51:07.657	117.00	86	253	86.88
17:51:07.901	117.00	86	253	86.88
17:51:08.144	117.25	85	252	85.95
17:51:08.388	117.00	86	253	86.88
17:51:08.667	117.00	86	252	86.88
17:51:08.912	117.25	85	253	85.95
17:51:09.153	117.25	85	253	85.95
17:51:09.396	117.25	85	252	85.95
17:51:09.675	117.50	85	252	85.03
17:51:09.919	117.25	85	252	85.95
17:51:10.162	117.00	86	253	86.88
17:51:10.407	117.75	84	253	84.10
17:51:10.684	117.50	85	252	85.03
17:51:10.927	117.50	85	253	85.03
17:51:11.171	117.00	86	252	86.88
17:51:11.413	117.25	85	253	85.95
17:51:11.693	117.50	85	253	85.03
17:51:11.937	117.25	85	252	85.95
17:51:12.178	117.25	85	253	85.95
17:51:12.420	117.75	84	252	84.10
17:51:12.696	117.50	85	253	85.03
17:51:12.940	118.00	83	252	83.18
17:51:13.182	117.25	85	252	85.95
17:51:13.460	118.00	83	253	83.18
17:51:13.702	118.00	83	252	83.18
17:51:13.946	118.00	83	253	83.18
17:51:14.221	116.75	87	253	87.80
17:51:14.465	117.75	84	252	84.10
17:51:14.708	118.00	83	253	83.18
17:51:14.952	118.25	82	252	82.25
17:51:15.230	117.25	85	253	85.95
17:51:15.474	118.00	83	253	83.18
17:51:15.716	118.25	82	252	82.25
17:51:15.959	117.75	84	252	84.10
17:51:16.234	117.25	85	252	85.95
17:51:16.478	117.75	84	253	84.10
17:51:16.720	118.25	82	253	82.25
17:51:17.000	117.75	84	252	84.10
17:51:17.242	117.75	84	253	84.10
17:51:17.486	118.25	82	252	82.25
17:51:17.730	118.25	82	253	82.25
17:51:17.974	118.50	81	253	81.33
17:51:18.252	118.25	82	252	82.25
17:51:18.495	118.50	81	253	81.33
17:51:18.738	118.75	80	253	80.40
17:51:19.018	118.50	81	251	81.33
17:51:19.260	118.25	82	253	82.25
17:51:19.503	118.75	80	252	80.40
17:51:19.746	118.00	83	253	83.18
17:51:20.023	118.00	83	253	83.18
17:51:20.265	118.75	80	252	80.40
17:51:20.510	118.50	81	253	81.33
17:51:20.753	118.50	81	252	81.33
17:51:21.032	118.50	81	253	81.33
17:51:21.275	117.50	85	253	85.03
17:51:21.518	118.75	80	252	80.40
17:51:21.763	118.50	81	253	81.33
17:51:22.041	119.00	79	251	79.48
17:51:22.283	119.00	79	253	79.48
17:51:22.526	118.75	80	253	80.40
17:51:22.803	118.50	81	252	81.33
17:51:23.046	118.50	81	253	81.33
17:51:23.289	118.75	80	252	80.40
17:51:23.533	118.75	80	253	80.40
17:51:23.810	119.00	79	253	79.48
17:51:24.053	119.00	79	252	79.48
17:51:24.296	119.25	78	253	78.55
17:51:24.539	119.00	79	253	79.48
17:51:24.816	118.75	80	252	80.40
17:51:25.058	119.25	78	253	78.55
17:51:25.300	119.00	79	251	79.48
17:51:25.577	119.25	78	253	78.55
17:51:25.817	119.25	78	253	78.55
17:51:26.059	119.50	77	252	77.63
17:51:26.337	119.25	78	253	78.55
17:51:26.577	119.25	78	252	78.55
17:51:26.820	119.50	77	253	77.63
17:51:27.065	119.25	78	253	78.55
17:51:27.343	119.25	78	252	78.55
17:51:27.586	119.00	79	253	79.48
17:51:27.830	119.00	79	252	79.48
17:51:28.074	119.25	78	253	78.55
17:51:28.350	119.25	78	252	78.55
17:51:28.593	119.25	78	252	78.55
17:51:28.834	119.25	78	253	78.55
17:51:29.078	119.25	78	252	78.55
17:51:29.354	119.25	78	253	78.55
17:51:29.597	119.50	77	253	77.63
17:51:29.840	119.50	77	252	77.63
17:51:30.119	119.00	79	253	79.48
17:51:30.362	120.00	75	253	75.78
17:51:30.604	119.75	76	252	76.70
17:51:30.847	119.75	76	253	76.70
17:51:31.126	120.00	75	252	75.78
17:51:31.369	118.50	81	252	81.33
17:51:31.612	119.25	78	253	78.55
17:51:31.855	119.50	77	252	77.63
17:51:32.133	119.75	76	253	76.70
17:51:32.378	119.75	76	252	76.70
17:51:32.621	120.00	75	253	75.78
17:51:32.900	119.75	76	253	76.70
17:51:33.142	119.75	76	252	76.70
17:51:33.384	120.00	75	253	75.78
17:51:33.627	120.25	70	252	70.19
17:51:33.903	119.75	76	253	76.70
17:51:34.147	120.00	75	253	75.78
17:51:34.390	120.25	70	252	70.19
17:51:34.632	119.75	76	252	76.70
17:51:34.909	120.00	75	252	75.78
17:51:35.150	120.00	75	253	75.78
17:51:35.393	120.00	75	253	75.78
17:51:35.670	120.25	70	252	70.19
17:51:35.912	120.00	71	253	71.11
17:51:36.155	120.50	59	252	59.94
17:51:36.400	120.00	61	253	61.79
17:51:36.678	120.25	56	253	56.18
17:51:36.922	120.00	57	252	57.11
17:51:37.165	120.50	45	253	45.90
17:51:37.408	120.00	47	252	47.75
17:51:37.687	120.50	36	252	36.57
17:51:37.932	120.25	32	253	32.82
17:51:38.175	120.25	28	252	28.16
17:51:38.418	120.75	12	253	12.27
17:51:38.695	120.25	9	252	9.45
17:51:38.938	120.50	0	253	-0.83
17:51:39.182	120.25	0	252	-0.93
17:51:39.461	120.50	0	253	-1.85
17:51:39.704	120.50	0	252	-1.85
17:51:39.948	120.75	0	253	-2.78
17:51:40.189	120.00	0	252	0.00
17:51:40.467	120.75	0	253	-2.78
17:51:40.710	120.75	0	251	-2.78
17:51:40.952	120.75	0	253	-2.78
17:51:41.195	119.50	11	252	11.17
17:51:41.473	120.75	0	253	-2.78
17:51:41.716	120.75	0	252	-2.78
17:51:41.961	120.75	0	253	-2.78
17:51:42.203	119.75	5	252	5.59
17:51:42.481	120.75	0	253	-2.78
17:51:42.724	120.75	0	252	-2.78
17:51:42.967	120.75	0	253	-2.78
17:51:43.244	120.00	0	252	0.00
17:51:43.486	120.75	0	253	-2.78
17:51:43.730	121.25	0	251	-4.63
17:51:43.971	120.75	0	253	-2.78
17:51:44.246	120.00	0	252	0.00
17:51:44.488	121.25	0	253	-4.63
17:51:44.730	121.00	0	252	-3.70
17:51:45.007	121.00	0	253	-3.70
17:51:45.251	120.25	0	252	-0.93
17:51:45.496	121.25	0	253	-4.63
17:51:45.738	121.00	0	252	-3.70
17:51:46.016	121.00	0	252	-3.70
17:51:46.258	120.75	0	253	-2.78
17:51:46.503	121.00	0	251	-3.70
17:51:46.746	120.75	0	253	-2.78
17:51:47.025	121.50	0	252	-5.55
17:51:47.266	120.50	0	253	-1.85
17:51:47.508	121.00	0	252	-3.70
17:51:47.752	121.25	0	253	-4.63
17:51:48.031	120.75	0	252	-2.78
17:51:48.272	121.00	0	253	-3.70
17:51:48.517	121.00	0	252	-3.70
17:51:48.761	121.00	0	253	-3.70
17:51:49.040	121.25	0	252	-4.63
17:51:49.280	121.25	0	253	-4.63
17:51:49.524	121.00	0	251	-3.70
17:51:49.802	121.25	0	253	-4.63
17:51:50.047	121.00	0	252	-3.70
17:51:50.288	121.25	0	252	-4.63
17:51:50.531	121.25	0	253	-4.63
17:51:50.809	121.50	0	252	-5.55
17:51:51.052	121.75	0	253	-6.48
17:51:51.295	120.25	0	252	-0.93
17:51:51.537	121.50	0	253	-5.55
17:51:51.816	121.75	0	252	-6.48
17:51:52.061	121.25	0	253	-4.63
17:51:52.303	121.75	0	252	-6.48
17:51:52.545	121.75	0	252	-6.48
17:51:52.822	121.25	0	252	-4.63
17:51:53.065	121.00	0	253	-3.70
17:51:53.308	121.50	0	252	-5.55
17:51:53.553	121.75	0	253	-6.48
17:51:53.830	121.75	0	252	-6.48
17:51:54.074	121.25	0	253	-4.63
17:51:54.317	121.75	0	252	-6.48
17:51:54.560	121.50	0	253	-5.55
17:51:54.838	121.25	0	252	-4.63
17:51:55.081	121.25	0	253	-4.63
17:51:55.323	121.50	0	252	-5.55
17:51:55.601	121.50	0	252	-5.55
17:51:55.843	121.50	0	252	-5.55
17:51:56.087	121.50	0	252	-5.55
17:51:56.329	121.75	0	253	-6.48
17:51:56.607	121.50	0	252	-5.55
17:51:56.849	121.50	0	253	-5.55
17:51:57.092	121.50	0	252	-5.55
17:51:57.369	121.75	0	253	-6.48
17:51:57.612	121.75	0	252	-6.48
17:51:57.857	121.50	0	253	-5.55
17:51:58.101	122.00	0	252	-7.40
17:51:58.379	122.00	0	253	-7.40
17:51:58.624	121.50	0	251	-5.55
17:51:58.867	122.00	0	253	-7.40
17:51:59.111	121.75	0	252	-6.48
17:51:59.353	122.00	0	253	-7.40
17:51:59.631	121.75	0	252	-6.48
17:51:59.872	122.00	0	252	-7.40
17:52:00.116	121.00	0	253	-3.70
17:52:00.391	122.00	0	252	-7.40
17:52:00.635	121.50	0	253	-5.55
17:52:00.880	121.75	0	252	-6.48
17:52:01.125	122.25	0	253	-8.32
17:52:01.403	120.75	0	252	-2.78
17:52:01.645	122.00	0	252	-7.40
17:52:01.887	121.75	0	252	-6.48
17:52:02.131	122.00	0	253	-7.40
17:52:02.409	121.75	0	252	-6.48
17:52:02.652	121.50	0	253	-5.55
17:52:02.896	122.00	0	252	-7.40
17:52:03.139	122.25	0	253	-8.32
17:52:03.415	122.00	0	252	-7.40
17:52:03.659	122.25	0	252	-8.32
17:52:03.901	122.25	0	253	-8.32
17:52:04.145	122.25	0	252	-8.32
17:52:04.424	122.00	0	252	-7.40
17:52:04.668	122.25	0	252	-8.32
17:52:04.912	122.25	0	253	-8.32
17:52:05.188	122.00	0	252	-7.40
17:52:05.432	122.25	0	253	-8.32
17:52:05.677	122.25	0	252	-8.32
17:52:05.919	122.00	0	253	-7.40
17:52:06.197	121.75	0	252	-6.48
17:52:06.441	122.50	0	253	-9.25
17:52:06.686	122.25	0	252	-8.32
17:52:06.928	122.25	0	253	-8.32
17:52:07.172	122.00	0	252	-7.40
17:52:07.451	122.25	0	251	-8.32
17:52:07.696	122.25	0	253	-8.32
17:52:07.940	122.25	0	252	-8.32
17:52:08.217	122.00	0	253	-7.40
17:52:08.460	122.00	0	252	-7.40
17:52:08.704	122.50	0	253	-9.25
17:52:08.946	122.50	0	252	-9.25
17:52:09.224	122.00	0	253	-7.40
17:52:09.467	122.25	0	252	-8.32
17:52:09.709	122.25	0	253	-8.32
17:52:09.951	122.25	0	252	-8.32
17:52:10.228	121.50	0	253	-5.55
17:52:10.470	122.25	0	251	-8.32
17:52:10.713	122.50	0	253	-9.25
17:52:10.957	122.75	0	252	-10.18
17:52:11.235	121.25	0	253	-4.63
17:52:11.479	122.75	0	252	-10.18
17:52:11.723	122.25	0	253	-8.32
17:52:12.000	122.50	0	252	-9.25
17:52:12.241	121.75	0	253	-6.48
17:52:12.484	122.50	0	252	-9.25
17:52:12.729	122.75	0	252	-10.18
17:52:13.004	122.25	0	253	-8.32
17:52:13.245	121.00	0	252	-3.70
17:52:13.488	122.75	0	252	-10.18
17:52:13.766	122.00	0	252	-7.40
17:52:14.009	122.25	0	253	-8.32
17:52:14.251	121.75	0	252	-6.48
17:52:14.496	122.50	0	253	-9.25
17:52:14.774	122.75	0	252	-10.18
17:52:15.018	122.75	0	253	-10.18
17:52:15.261	121.75	0	252	-6.48
17:52:15.504	122.75	0	253	-10.18
17:52:15.783	122.75	0	252	-10.18
17:52:16.026	122.50	0	253	-9.25
17:52:16.267	122.25	0	252	-8.32
17:52:16.511	122.75	0	252	-10.18
17:52:16.790	122.75	0	252	-10.18
17:52:17.033	122.75	0	253	-10.18
17:52:17.277	122.00	0	253	-7.40
17:52:17.521	122.75	0	252	-10.18
17:52:17.798	122.25	0	253	-8.32
17:52:18.041	122.50	0	252	-9.25
17:52:18.285	122.25	0	252	-8.32
17:52:18.528	122.25	0	253	-8.32
17:52:18.805	122.00	0	252	-7.40
17:52:19.048	122.50	0	253	-9.25
17:52:19.292	122.50	0	252	-9.25
17:52:19.535	122.25	0	252	-8.32
17:52:19.814	122.50	0	252	-9.25
17:52:20.058	122.25	0	253	-8.32
17:52:20.300	122.25	0	252	-8.32
17:52:20.577	122.00	0	253	-7.40
17:52:20.820	122.50	0	252	-9.25
17:52:21.063	122.75	0	253	-10.18
17:52:21.307	121.25	0	252	-4.63
17:52:21.584	122.50	0	253	-9.25
17:52:21.826	122.50	0	252	-9.25
17:52:22.070	122.50	0	253	-9.25
17:52:22.312	122.00	0	251	-7.40
17:52:22.589	122.25	0	253	-8.32
17:52:22.833	122.75	0	252	-10.18
17:52:23.077	122.25	0	253	-8.32
17:52:23.320	122.50	0	252	-9.25
17:52:23.598	122.25	0	252	-8.32
17:52:23.842	122.50	0	253	-9.25
17:52:24.084	122.50	0	252	-9.25
17:52:24.360	122.00	0	253	-7.40
17:52:24.605	122.50	0	252	-9.25
17:52:24.847	122.50	0	253	-9.25
17:52:25.089	122.50	0	252	-9.25
17:52:25.367	122.25	0	252	-8.32
17:52:25.612	122.50	0	252	-9.25
17:52:25.856	122.25	0	253	-8.32
17:52:26.099	122.50	0	252	-9.25
17:52:26.378	122.50	0	253	-9.25
17:52:26.622	122.25	0	252	-8.32
17:52:26.866	122.25	0	253	-8.32
17:52:27.109	122.50	0	252	-9.25
17:52:27.386	122.25	0	252	-8.32
17:52:27.630	122.25	0	253	-8.32
17:52:27.869	122.25	0	252	-8.32
17:52:28.112	122.50	0	253	-9.25
17:52:28.384	122.50	0	251	-9.25
17:52:28.629	122.50	0	253	-9.25
17:52:28.872	122.00	0	252	-7.40
17:52:29.148	121.75	0	253	-6.48
17:52:29.390	122.00	0	252	-7.40
17:52:29.633	122.50	0	253	-9.25
17:52:29.911	121.50	0	252	-5.55
17:52:30.155	122.50	0	253	-9.25
17:52:30.397	122.50	0	252	-9.25
17:52:30.641	122.00	0	253	-7.40
17:52:30.919	122.50	0	252	-9.25
17:52:31.162	122.25	0	252	-8.32
17:52:31.404	121.25	0	252	-4.63
17:52:31.647	122.50	0	252	-9.25
17:52:31.924	122.00	0	253	-7.40
17:52:32.167	122.25	0	252	-8.32
17:52:32.409	122.50	0	253	-9.25
17:52:32.654	122.25	0	252	-8.32
17:52:32.928	122.00	0	253	-7.40
17:52:33.170	122.25	0	252	-8.32
17:52:33.411	122.25	0	253	-8.32
17:52:33.690	122.25	0	252	-8.32
17:52:33.932	122.00	0	253	-7.40
17:52:34.175	122.25	0	252	-8.32
17:52:34.419	122.25	0	252	-8.32
17:52:34.695	122.00	0	252	-7.40
17:52:34.939	122.50	0	253	-9.25
17:52:35.182	121.75	0	252	-6.48
17:52:35.426	122.00	0	252	-7.40
17:52:35.705	121.75	0	253	-6.48
17:52:35.948	122.25	0	252	-8.32
17:52:36.192	121.75	0	253	-6.48
17:52:36.469	122.00	0	252	-7.40
17:52:36.714	121.75	0	253	-6.48
17:52:36.956	122.25	0	252	-8.32
17:52:37.199	121.75	0	253	-6.48
17:52:37.443	121.75	0	251	-6.48
17:52:37.719	121.75	0	253	-6.48
17:52:37.961	121.75	0	252	-6.48
17:52:38.202	121.50	0	253	-5.55
17:52:38.479	122.00	0	252	-7.40
17:52:38.724	121.75	0	253	-6.48
17:52:38.967	121.75	0	252	-6.48
17:52:39.211	121.25	0	253	-4.63
17:52:39.489	121.50	0	252	-5.55
17:52:39.733	122.00	0	252	-7.40
17:52:39.976	121.75	0	253	-6.48
17:52:40.254	121.00	0	251	-3.70
17:52:40.496	121.75	0	253	-6.48
17:52:40.741	121.75	0	252	-6.48
17:52:40.985	121.75	0	253	-6.48
17:52:41.229	120.25	0	252	-0.93
17:52:41.506	121.75	0	253	-6.48
17:52:41.749	121.25	0	252	-4.63
17:52:41.993	121.75	0	253	-6.48
17:52:42.236	120.75	0	252	-2.78
17:52:42.516	121.50	0	253	-5.55
17:52:42.760	121.25	0	252	-4.63
17:52:43.004	121.50	0	253	-5.55
17:52:43.248	120.50	0	251	-1.85
17:52:43.526	121.75	0	253	-6.48
17:52:43.770	121.25	0	252	-4.63
17:52:44.012	121.50	0	253	-5.55
17:52:44.256	120.50	0	252	-1.85
17:52:44.535	121.25	0	253	-4.63
17:52:44.780	121.25	0	252	-4.63
17:52:45.024	121.25	0	252	-4.63
17:52:45.267	120.75	0	253	-2.78
17:52:45.546	121.50	0	252	-5.55
17:52:45.791	121.00	0	253	-3.70
17:52:46.035	121.50	0	252	-5.55
17:52:46.278	120.75	0	252	-2.78
17:52:46.554	121.50	0	252	-5.55
17:52:46.797	121.50	0	253	-5.55
17:52:47.040	121.50	0	252	-5.55
17:52:47.283	121.00	0	253	-3.70
17:52:47.561	121.50	0	252	-5.55
17:52:47.805	121.25	0	253	-4.63
17:52:48.049	121.00	0	252	-3.70
17:52:48.292	121.00	0	253	-3.70
17:52:48.571	121.00	0	252	-3.70
17:52:48.811	121.00	0	253	-3.70
17:52:49.053	121.00	0	252	-3.70
17:52:49.330	121.00	0	251	-3.70
17:52:49.575	121.00	0	253	-3.70
17:52:49.820	121.00	0	252	-3.70
17:52:50.064	121.00	0	253	-3.70
17:52:50.342	120.75	0	252	-2.78
17:52:50.585	120.75	0	253	-2.78
17:52:50.828	121.00	0	252	-3.70
17:52:51.073	121.00	0	253	-3.70
17:52:51.315	119.75	5	252	5.59
17:52:51.594	121.00	0	253	-3.70
17:52:51.838	120.75	0	252	-2.78
17:52:52.082	121.00	0	253	-3.70
17:52:52.356	120.75	0	251	-2.78
17:52:52.600	120.75	0	253	-2.78
17:52:52.842	120.75	0	252	-2.78
17:52:53.085	120.75	0	253	-2.78
17:52:53.362	120.75	0	252	-2.78
17:52:53.604	120.50	0	253	-1.85
17:52:53.848	121.00	0	252	-3.70
17:52:54.126	120.75	0	252	-2.78
17:52:54.369	120.50	0	253	-1.85
17:52:54.612	120.50	0	252	-1.85
17:52:54.855	120.75	0	253	-2.78
17:52:55.100	120.75	0	251	-2.78
17:52:55.377	120.75	0	253	-2.78
17:52:55.619	120.75	0	252	-2.78
17:52:55.860	120.75	0	253	-2.78
17:52:56.140	120.50	0	252	-1.85
17:52:56.384	120.50	0	253	-1.85
17:52:56.627	120.50	0	252	-1.85
17:52:56.869	120.50	0	253	-1.85
17:52:57.148	120.00	0	252	0.00
17:52:57.392	120.25	0	253	-0.93
17:52:57.634	120.50	0	252	-1.85
17:52:57.878	120.50	0	253	-1.85
17:52:58.158	120.25	0	251	-0.93
17:52:58.400	120.25	0	252	-0.93
17:52:58.645	120.25	0	253	-0.93
17:52:58.887	120.50	0	252	-1.85
17:52:59.165	120.25	0	253	-0.93
17:52:59.407	120.25	0	252	-0.93
17:52:59.650	120.50	0	253	-1.85
17:52:59.894	120.00	0	252	0.00
17:53:00.172	120.00	0	253	0.00
17:53:00.415	120.50	0	252	-1.85
17:53:00.658	120.25	0	253	-0.93
17:53:00.933	120.25	0	252	-0.93
17:53:01.177	120.00	0	252	0.00
17:53:01.419	119.50	11	252	11.17
17:53:01.662	119.75	14	253	14.93
17:53:01.941	120.00	14	252	14.00
17:53:02.185	120.00	14	253	14.00
17:53:02.428	119.50	25	252	25.18
17:53:02.670	120.00	23	253	23.33
17:53:02.950	119.50	34	253	34.54
17:53:03.193	119.50	43	252	43.86
17:53:03.436	119.50	53	253	53.22
17:53:03.681	120.00	51	252	51.37
17:53:03.960	119.50	62	253	62.59
17:53:04.202	120.00	60	252	60.74
17:53:04.443	120.00	60	252	60.74
17:53:04.721	120.00	60	253	60.74
17:53:04.964	119.75	66	252	66.32
17:53:05.207	119.75	71	253	71.00
17:53:05.451	119.75	75	253	75.68
17:53:05.730	119.75	76	252	76.70
17:53:05.974	119.50	77	253	77.63
17:53:06.217	119.25	78	252	78.55
17:53:06.458	119.75	76	253	76.70
17:53:06.737	119.50	77	253	77.63
17:53:06.979	119.25	78	252	78.55
17:53:07.222	119.50	77	252	77.63
17:53:07.499	119.50	77	253	77.63
17:53:07.743	119.00	79	252	79.48
17:53:07.985	119.50	77	253	77.63
17:53:08.229	119.25	78	252	78.55
17:53:08.472	119.25	78	253	78.55
17:53:08.750	119.50	77	253	77.63
17:53:08.993	119.50	77	252	77.63
17:53:09.236	118.75	80	253	80.40
17:53:09.513	119.25	78	252	78.55
17:53:09.755	119.25	78	253	78.55
17:53:09.999	119.50	77	253	77.63
17:53:10.274	118.75	80	252	80.40
17:53:10.516	119.00	79	252	79.48
17:53:10.758	119.25	78	252	78.55
17:53:11.000	118.75	80	253	80.40
17:53:11.278	117.50	85	253	85.03
17:53:11.520	119.00	79	252	79.48
17:53:11.764	118.75	80	253	80.40
17:53:12.041	119.00	79	252	79.48
17:53:12.285	118.25	82	253	82.25
17:53:12.529	119.00	79	253	79.48
17:53:12.773	119.00	79	252	79.48
17:53:13.051	119.00	79	253	79.48
17:53:13.293	117.50	85	253	85.03
17:53:13.536	119.00	79	251	79.48
17:53:13.779	118.75	80	253	80.40
17:53:14.058	118.75	80	252	80.40
17:53:14.301	118.50	81	253	81.33
17:53:14.544	118.75	80	253	80.40
17:53:14.788	118.50	81	252	81.33
17:53:15.063	119.00	79	253	79.48
17:53:15.305	118.25	82	252	82.25
17:53:15.550	119.00	79	253	79.48
17:53:15.794	118.50	81	253	81.33
17:53:16.074	119.00	79	252	79.48
17:53:16.317	118.50	81	253	81.33
17:53:16.562	118.75	80	251	80.40
17:53:16.804	118.50	81	253	81.33
17:53:17.083	118.50	81	253	81.33
17:53:17.326	118.00	83	252	83.18
17:53:17.570	118.25	82	253	82.25
17:53:17.815	118.25	82	252	82.25
17:53:18.093	118.50	81	253	81.33
17:53:18.336	118.75	80	253	80.40
17:53:18.578	118.50	81	252	81.33
17:53:18.856	118.25	82	253	82.25
17:53:19.100	118.50	81	252	81.33
17:53:19.344	118.00	83	253	83.18
17:53:19.589	118.00	83	253	83.18
17:53:19.832	118.00	83	251	83.18
17:53:20.110	118.00	83	253	83.18
17:53:20.352	118.50	81	253	81.33
17:53:20.596	118.00	83	252	83.18
17:53:20.873	118.25	82	253	82.25
17:53:21.117	118.00	83	252	83.18
17:53:21.359	117.25	85	253	85.95
17:53:21.602	118.25	82	253	82.25
17:53:21.879	118.00	83	252	83.18
17:53:22.124	118.00	83	253	83.18
17:53:22.366	118.25	82	252	82.25
17:53:22.610	118.00	83	253	83.18
17:53:22.888	118.25	82	252	82.25
17:53:23.130	118.25	82	252	82.25
17:53:23.370	118.00	83	253	83.18
17:53:23.648	117.75	84	252	84.10
17:53:23.889	117.75	84	253	84.10
17:53:24.131	117.50	85	253	85.03
17:53:24.373	117.75	84	252	84.10
17:53:24.653	118.00	83	253	83.18
17:53:24.897	118.00	83	252	83.18
17:53:25.141	118.00	83	253	83.18
17:53:25.415	118.00	83	253	83.18
17:53:25.655	117.50	85	252	85.03
17:53:25.899	117.75	84	252	84.10
17:53:26.143	118.00	83	252	83.18
17:53:26.420	117.50	85	253	85.03
17:53:26.665	117.25	85	253	85.95
17:53:26.909	117.75	84	252	84.10
17:53:27.153	117.50	85	253	85.03
17:53:27.430	117.75	84	252	84.10
17:53:27.674	117.50	85	253	85.03
17:53:27.916	117.25	85	253	85.95
17:53:28.193	117.75	84	252	84.10
17:53:28.437	117.50	85	253	85.03
17:53:28.680	117.50	85	252	85.03
17:53:28.921	117.50	85	252	85.03
17:53:29.198	117.50	85	253	85.03
17:53:29.443	117.25	85	252	85.95
17:53:29.686	117.75	84	253	84.10
17:53:29.931	117.00	86	252	86.88
17:53:30.209	117.50	85	253	85.03
17:53:30.453	117.25	85	253	85.95
17:53:30.696	117.50	85	252	85.03
17:53:30.939	117.25	85	253	85.95
17:53:31.219	117.25	85	253	85.95
17:53:31.462	117.00	86	252	86.88
17:53:31.706	117.00	86	253	86.88
17:53:31.948	116.75	87	252	87.80
17:53:32.227	117.25	85	252	85.95
17:53:32.471	117.00	86	253	86.88
17:53:32.714	117.00	86	252	86.88
17:53:32.958	117.25	85	253	85.95
17:53:33.234	117.25	85	252	85.95
17:53:33.476	117.25	85	253	85.95
17:53:33.720	117.00	86	253	86.88
17:53:33.995	117.00	86	252	86.88
17:53:34.237	116.50	88	253	88.73
17:53:34.481	117.00	86	252	86.88
17:53:34.725	116.75	87	253	87.80
17:53:35.004	116.75	87	253	87.80
17:53:35.246	116.75	87	251	87.80
17:53:35.490	117.00	86	253	86.88
17:53:35.735	116.75	87	252	87.80
17:53:36.012	117.25	85	253	85.95
17:53:36.254	116.50	88	253	88.73
17:53:36.497	117.00	86	252	86.88
17:53:36.776	116.50	88	253	88.73
17:53:37.018	117.00	86	252	86.88
17:53:37.262	116.00	90	253	90.58
17:53:37.506	117.00	86	253	86.88
17:53:37.783	117.00	86	252	86.88
17:53:38.028	117.00	86	253	86.88
17:53:38.272	115.75	91	251	91.50
17:53:38.516	116.75	87	253	87.80
17:53:38.761	116.50	88	253	88.73
17:53:39.040	116.75	87	252	87.80
17:53:39.284	116.00	90	253	90.58
17:53:39.527	116.75	87	252	87.80
17:53:39.769	115.75	91	253	91.50
17:53:40.047	116.50	88	253	88.73
17:53:40.290	115.75	91	252	91.50
17:53:40.535	116.75	87	253	87.80
17:53:40.814	116.25	89	252	89.65
17:53:41.058	116.75	87	253	87.80
17:53:41.300	115.25	93	253	93.35
17:53:41.542	116.75	87	251	87.80
17:53:41.821	116.75	87	253	87.80
17:53:42.066	116.50	88	252	88.73
17:53:42.309	116.00	90	253	90.58
17:53:42.553	116.25	89	253	89.65
17:53:42.832	116.75	87	252	87.80
17:53:43.073	116.50	88	253	88.73
17:53:43.317	116.00	90	252	90.58
17:53:43.559	116.25	89	253	89.65
17:53:43.837	116.00	90	253	90.58
17:53:44.081	116.75	87	252	87.80
17:53:44.324	116.25	89	253	89.65
17:53:44.566	116.25	89	251	89.65
17:53:44.845	116.75	87	253	87.80
17:53:45.087	116.50	88	253	88.73
17:53:45.329	116.75	87	252	87.80
17:53:45.607	116.50	88	253	88.73
17:53:45.851	116.25	89	252	89.65
17:53:46.095	116.25	89	253	89.65
17:53:46.339	116.25	89	253	89.65
17:53:46.612	116.00	90	252	90.58
17:53:46.854	116.25	89	253	89.65
17:53:47.098	116.25	89	252	89.65
17:53:47.342	116.25	89	253	89.65
17:53:47.621	115.75	91	252	91.50
17:53:47.865	115.50	92	252	92.43
17:53:48.108	116.50	88	253	88.73
17:53:48.351	116.50	88	253	88.73
17:53:48.630	113.50	99	252	99.83
17:53:48.875	114.00	97	253	97.98
17:53:49.116	114.00	97	252	97.98
17:53:49.392	117.00	86	253	86.88
17:53:49.632	114.75	95	253	95.20
17:53:49.874	116.50	88	252	88.73
17:53:50.149	117.25	85	253	85.95
17:53:50.390	116.75	87	252	87.80
17:53:50.633	116.75	87	252	87.80
17:53:50.906	117.25	85	253	85.95
17:53:51.149	117.50	85	252	85.03
17:53:51.394	115.50	92	253	92.43
17:53:51.634	116.50	88	252	88.73
17:53:51.909	116.75	87	253	87.80
17:53:52.150	117.25	85	253	85.95
17:53:52.392	116.75	87	252	87.80
17:53:52.669	117.00	86	253	86.88
17:53:52.911	117.00	86	252	86.88
17:53:53.154	117.00	86	253	86.88
17:53:53.429	117.25	85	253	85.95
17:53:53.671	116.50	88	251	88.73
17:53:53.912	116.75	87	253	87.80
17:53:54.191	116.50	88	252	88.73
17:53:54.431	116.50	88	253	88.73
17:53:54.673	117.00	86	253	86.88
17:53:54.915	117.00	86	252	86.88
17:53:55.192	116.75	87	253	87.80
17:53:55.434	117.00	86	252	86.88
17:53:55.676	116.00	90	253	90.58
17:53:55.953	116.50	88	253	88.73
17:53:56.196	117.00	86	252	86.88
17:53:56.437	116.75	87	253	87.80
17:53:56.680	116.50	88	252	88.73
17:53:56.954	117.00	86	252	86.88
17:53:57.196	117.00	86	253	86.88
17:53:57.438	117.00	86	252	86.88
17:53:57.714	117.00	86	253	86.88
17:53:57.955	116.75	87	252	87.80
17:53:58.195	117.00	86	253	86.88
17:53:58.469	116.75	87	253	87.80
17:53:58.711	117.25	85	252	85.95
17:53:58.955	117.00	86	253	86.88
17:53:59.230	117.00	86	252	86.88
17:53:59.472	117.00	86	253	86.88
17:53:59.714	115.75	91	253	91.50
17:53:59.993	117.25	85	251	85.95
17:54:00.234	117.00	86	253	86.88
17:54:00.475	116.75	87	252	87.80
17:54:00.749	117.25	85	253	85.95
17:54:00.990	116.75	87	253	87.80
17:54:01.233	116.50	88	252	88.73
17:54:01.509	117.00	86	253	86.88
17:54:01.750	116.50	88	253	88.73
17:54:01.992	116.75	87	252	87.80
17:54:02.266	116.50	88	253	88.73
17:54:02.508	117.00	86	252	86.88
17:54:02.750	117.00	86	253	86.88
17:54:02.992	117.00	86	252	86.88
17:54:03.269	116.00	90	252	90.58
17:54:03.511	117.00	86	253	86.88
17:54:03.752	116.00	90	252	90.58
17:54:04.026	117.00	86	253	86.88
17:54:04.268	115.75	91	253	91.50
17:54:04.509	117.00	86	252	86.88
17:54:04.784	117.00	86	253	86.88
17:54:05.024	117.00	86	252	86.88
17:54:05.266	115.50	92	253	92.43
17:54:05.543	117.00	86	253	86.88
17:54:05.784	117.00	86	252	86.88
17:54:06.026	116.75	87	253	87.80
17:54:06.304	115.25	93	251	93.35
17:54:06.546	117.00	86	253	86.88
17:54:06.790	117.00	86	253	86.88
17:54:07.031	117.00	86	252	86.88
17:54:07.305	115.25	93	253	93.35
17:54:07.546	116.75	87	252	87.80
17:54:07.790	116.75	87	253	87.80
17:54:08.067	116.75	87	253	87.80
17:54:08.309	115.25	93	252	93.35
17:54:08.551	117.00	86	253	86.88
17:54:08.828	117.00	86	252	86.88
17:54:09.070	116.50	88	253	88.73
17:54:09.311	115.75	91	252	91.50
17:54:09.553	116.75	87	252	87.80
17:54:09.828	117.00	86	253	86.88
17:54:10.071	116.50	88	252	88.73
17:54:10.313	116.00	90	253	90.58
17:54:10.589	116.75	87	253	87.80
17:54:10.832	117.50	85	252	85.03
17:54:11.073	116.75	87	253	87.80
17:54:11.348	114.50	96	252	96.13
17:54:11.590	116.75	87	253	87.80
17:54:11.833	116.25	89	253	89.65
17:54:12.076	117.00	86	252	86.88
17:54:12.352	117.00	86	252	86.88
17:54:12.594	117.00	86	252	86.88
17:54:12.836	117.00	86	253	86.88
17:54:13.113	116.75	87	253	87.80
17:54:13.354	117.00	86	252	86.88
17:54:13.595	116.75	87	253	87.80
17:54:13.872	117.25	85	252	85.95
17:54:14.113	116.75	87	253	87.80
17:54:14.353	116.75	87	253	87.80
17:54:14.630	116.75	87	252	87.80
17:54:14.870	117.00	86	253	86.88
17:54:15.110	117.00	86	252	86.88
17:54:15.388	117.25	85	252	85.95
17:54:15.630	117.00	86	253	86.88
17:54:15.872	117.00	86	252	86.88
17:54:16.147	117.50	85	253	85.03
17:54:16.389	116.75	87	252	87.80
17:54:16.629	117.50	85	253	85.03
17:54:16.871	117.25	85	253	85.95
17:54:17.147	117.00	86	252	86.88
17:54:17.389	117.50	85	253	85.03
17:54:17.633	117.25	85	252	85.95
17:54:17.908	117.00	86	253	86.88
17:54:18.151	117.50	85	253	85.03
17:54:18.393	117.00	86	252	86.88
17:54:18.667	117.50	85	252	85.03
17:54:18.909	117.25	85	252	85.95
17:54:19.151	117.50	85	253	85.03
17:54:19.426	117.00	86	253	86.88
17:54:19.666	116.75	87	252	87.80
17:54:19.906	117.25	85	253	85.95
17:54:20.184	117.25	85	252	85.95
17:54:20.427	117.25	85	253	85.95
17:54:20.668	117.25	85	253	85.95
17:54:20.911	117.50	85	252	85.03
17:54:21.187	117.00	86	253	86.88
17:54:21.429	117.25	85	252	85.95
17:54:21.670	117.25	85	252	85.95
17:54:21.946	117.25	85	253	85.95
17:54:22.188	117.50	85	252	85.03
17:54:22.430	117.00	86	253	86.88
17:54:22.709	117.75	84	253	84.10
17:54:22.952	117.25	85	252	85.95
17:54:23.194	117.50	85	253	85.03
17:54:23.435	116.75	87	252	87.80
17:54:23.712	117.25	85	253	85.95
17:54:23.955	117.25	85	253	85.95
17:54:24.198	116.75	87	252	87.80
17:54:24.474	117.25	85	253	85.95
17:54:24.717	117.75	84	251	84.10
17:54:24.958	117.50	85	253	85.03
17:54:25.201	117.25	85	253	85.95
17:54:25.477	117.00	86	252	86.88
17:54:25.718	117.25	85	253	85.95
17:54:25.959	117.75	84	252	84.10
17:54:26.236	117.75	84	253	84.10
17:54:26.477	117.50	85	253	85.03
17:54:26.719	117.00	86	252	86.88
17:54:26.995	117.50	85	253	85.03
17:54:27.237	117.75	84	252	84.10
17:54:27.479	117.00	86	253	86.88
17:54:27.755	117.25	85	253	85.95
17:54:27.997	117.50	85	251	85.03
17:54:28.238	117.25	85	253	85.95
17:54:28.480	117.25	85	252	85.95
17:54:28.755	117.75	84	253	84.10
17:54:28.996	117.00	86	253	86.88
17:54:29.237	117.50	85	252	85.03
17:54:29.514	117.50	85	253	85.03
17:54:29.756	117.50	85	252	85.03
17:54:30.000	117.50	85	253	85.03
17:54:30.274	117.00	86	253	86.88
17:54:30.517	117.75	84	252	84.10
17:54:30.759	117.75	84	253	84.10
17:54:31.002	117.75	84	251	84.10
17:54:31.280	115.25	93	253	93.35
17:54:31.520	117.25	85	253	85.95
17:54:31.764	117.75	84	252	84.10
17:54:32.039	117.25	85	253	85.95
17:54:32.282	116.25	89	252	89.65
17:54:32.523	117.25	85	253	85.95
17:54:32.801	117.75	84	253	84.10
17:54:33.043	118.00	83	252	83.18
17:54:33.284	116.00	90	253	90.58
17:54:33.561	118.00	83	252	83.18
17:54:33.803	117.75	84	253	84.10
17:54:34.044	118.00	83	252	83.18
17:54:34.287	115.75	91	252	91.50
17:54:34.563	118.25	82	253	82.25
17:54:34.804	117.75	84	252	84.10
17:54:35.047	118.25	82	253	82.25
17:54:35.322	116.25	89	253	89.65
17:54:35.563	118.00	83	252	83.18
17:54:35.804	118.00	83	253	83.18
17:54:36.081	117.50	85	252	85.03
17:54:36.324	116.75	87	253	87.80
17:54:36.566	117.25	85	253	85.95
17:54:36.844	117.25	85	252	85.95
17:54:37.084	117.75	84	252	84.10
17:54:37.324	117.00	86	252	86.88
17:54:37.564	117.50	85	253	85.03
17:54:37.841	118.25	82	253	82.25
17:54:38.084	118.00	83	252	83.18
17:54:38.326	117.50	85	253	85.03
17:54:38.604	117.75	84	252	84.10
17:54:38.846	118.00	83	253	83.18
17:54:39.090	118.25	82	253	82.25
17:54:39.333	118.00	83	252	83.18
17:54:39.610	117.25	85	253	85.95
17:54:39.853	118.00	83	253	83.18
17:54:40.096	117.75	84	251	84.10
17:54:40.373	118.25	82	253	82.25
17:54:40.614	118.00	83	252	83.18
17:54:40.856	117.75	84	253	84.10
17:54:41.130	118.00	83	253	83.18
17:54:41.371	116.25	89	252	89.65
17:54:41.612	118.25	82	253	82.25
17:54:41.856	118.50	81	252	81.33
17:54:42.130	118.25	82	253	82.25
17:54:42.373	118.00	83	253	83.18
17:54:42.614	118.00	83	252	83.18
17:54:42.890	118.25	82	253	82.25
17:54:43.132	117.75	84	252	84.10
17:54:43.374	118.00	83	252	83.18
17:54:43.653	118.00	83	253	83.18
17:54:43.894	118.00	83	252	83.18
17:54:44.134	118.50	81	253	81.33
17:54:44.411	118.50	81	252	81.33
17:54:44.653	118.00	83	253	83.18
17:54:44.896	118.25	82	253	82.25
17:54:45.137	118.25	82	252	82.25
17:54:45.414	116.00	90	253	90.58
17:54:45.654	116.50	88	252	88.73
17:54:45.927	116.25	89	253	89.65
17:54:46.168	115.75	91	253	91.50
17:54:46.410	116.00	90	251	90.58
17:54:46.686	116.25	89	253	89.65
17:54:46.923	116.75	87	253	87.80
17:54:47.162	116.50	88	252	88.73
17:54:47.438	117.00	86	253	86.88
17:54:47.674	116.25	89	252	89.65
17:54:47.915	117.00	86	253	86.88
17:54:48.191	116.25	89	253	89.65
17:54:48.432	116.75	87	252	87.80
17:54:48.674	118.50	81	253	81.33
17:54:48.949	118.75	80	252	80.40
17:54:49.191	119.00	79	253	79.48
17:54:49.430	118.75	80	252	80.40
17:54:49.708	118.50	81	252	81.33
17:54:49.953	118.50	81	253	81.33
17:54:50.196	118.75	80	252	80.40
17:54:50.436	118.50	81	253	81.33
17:54:50.712	119.00	79	253	79.48
17:54:50.955	118.75	80	252	80.40
17:54:51.197	118.75	80	253	80.40
17:54:51.472	118.50	81	252	81.33
17:54:51.712	118.25	82	253	82.25
17:54:51.956	118.25	82	253	82.25
17:54:52.230	118.50	81	252	81.33
17:54:52.473	119.00	79	253	79.48
17:54:52.716	118.75	80	251	80.40
17:54:52.992	119.00	79	253	79.48
17:54:53.232	118.25	82	253	82.25
17:54:53.475	118.75	80	252	80.40
17:54:53.718	119.00	79	253	79.48
17:54:53.995	118.75	80	252	80.40
17:54:54.238	118.25	82	253	82.25
17:54:54.479	118.75	80	253	80.40
17:54:54.757	118.75	80	252	80.40
17:54:54.999	119.25	78	253	78.55
17:54:55.239	118.50	81	252	81.33
17:54:55.516	119.00	79	253	79.48
17:54:55.757	118.75	80	252	80.40
17:54:56.000	119.25	78	252	78.55
17:54:56.241	118.50	81	253	81.33
17:54:56.517	118.50	81	252	81.33
17:54:56.759	119.25	78	253	78.55
17:54:57.000	118.25	82	253	82.25
17:54:57.277	118.75	80	252	80.40
17:54:57.521	118.75	80	253	80.40
17:54:57.761	119.25	78	253	78.55
17:54:58.037	119.25	78	252	78.55
17:54:58.279	118.50	81	253	81.33
17:54:58.521	119.25	78	252	78.55
17:54:58.797	119.25	78	252	78.55
17:54:59.038	119.25	78	253	78.55
17:54:59.278	118.50	81	252	81.33
17:54:59.553	119.00	79	253	79.48
17:54:59.795	118.75	80	252	80.40
17:55:00.036	119.25	78	253	78.55
17:55:00.278	118.00	83	253	83.18
17:55:00.552	119.50	77	252	77.63
17:55:00.793	119.50	77	253	77.63
17:55:01.069	119.50	77	252	77.63
17:55:01.312	116.75	87	253	87.80
17:55:01.553	119.50	77	253	77.63
17:55:01.795	119.25	78	251	78.55
17:55:02.072	119.50	77	253	77.63
17:55:02.314	117.00	86	252	86.88
17:55:02.556	118.50	81	253	81.33
17:55:02.832	119.50	77	253	77.63
17:55:03.072	119.25	78	252	78.55
17:55:03.312	117.75	84	253	84.10
17:55:03.587	119.50	77	253	77.63
17:55:03.831	119.50	77	252	77.63
17:55:04.072	119.25	78	253	78.55
17:55:04.348	118.25	82	252	82.25
17:55:04.591	119.25	78	253	78.55
17:55:04.831	119.75	76	253	76.70
17:55:05.106	119.50	77	251	77.63
17:55:05.349	118.75	80	253	80.40
17:55:05.589	119.25	78	252	78.55
17:55:05.832	119.75	76	253	76.70
17:55:06.108	119.75	76	253	76.70
17:55:06.348	119.00	79	252	79.48
17:55:06.591	119.50	77	253	77.63
17:55:06.867	119.25	78	252	78.55
17:55:07.111	119.75	76	253	76.70
17:55:07.354	119.75	76	253	76.70
17:55:07.598	119.25	78	252	78.55
17:55:07.873	119.25	78	253	78.55
17:55:08.116	119.75	76	251	76.70
17:55:08.358	119.50	77	253	77.63
17:55:08.632	119.75	76	253	76.70
17:55:08.875	119.50	77	252	77.63
17:55:09.117	119.25	78	253	78.55
17:55:09.394	119.75	76	253	76.70
17:55:09.636	119.75	76	252	76.70
17:55:09.877	119.50	77	253	77.63
17:55:10.155	119.75	76	252	76.70
17:55:10.396	120.00	75	253	75.78
17:55:10.640	120.25	70	253	70.17
17:55:10.883	120.00	71	252	71.10
17:55:11.161	119.50	77	252	77.63
17:55:11.403	118.00	83	252	83.18
17:55:11.646	119.50	77	253	77.63
17:55:11.922	120.00	75	253	75.78
17:55:12.164	120.00	75	252	75.78
17:55:12.405	119.75	76	253	76.70
17:55:12.680	120.00	75	252	75.78
17:55:12.925	120.00	75	253	75.78
17:55:13.167	119.75	76	253	76.70
17:55:13.409	120.25	70	252	70.19
17:55:13.686	119.75	76	253	76.70
17:55:13.927	119.75	76	252	76.70
17:55:14.170	120.00	75	253	75.78
17:55:14.446	120.00	75	252	75.78
17:55:14.687	120.00	75	252	75.78
17:55:14.926	120.25	70	253	70.17
17:55:15.203	120.00	71	252	71.10
17:55:15.443	119.75	76	253	76.70
17:55:15.683	119.75	76	253	76.70
17:55:15.928	120.00	75	252	75.78
17:55:16.205	120.00	75	253	75.78
17:55:16.446	119.50	77	252	77.63
17:55:16.690	120.50	64	253	64.56
17:55:16.967	120.25	60	253	60.81
17:55:17.209	119.75	67	252	67.32
17:55:17.450	120.25	60	252	60.81
17:55:17.726	120.50	50	252	50.56
17:55:17.969	120.25	46	253	46.81
17:55:18.213	120.50	36	253	36.52
17:55:18.456	120.25	32	252	32.78
17:55:18.732	120.25	28	253	28.10
17:55:18.974	120.25	23	253	23.42
17:55:19.214	120.25	18	252	18.76
17:55:19.491	120.50	8	253	8.47
17:55:19.732	119.50	21	252	21.50
17:55:19.975	120.75	2	253	2.83
17:55:20.250	120.25	0	252	0.02
17:55:20.492	120.50	0	252	-1.85
17:55:20.732	120.50	0	252	-1.85
17:55:20.974	120.00	0	253	0.00
17:55:21.252	120.00	0	252	0.00
17:55:21.496	120.75	0	253	-2.78
17:55:21.739	120.50	0	252	-1.85
17:55:22.012	120.50	0	253	-1.85
17:55:22.253	120.25	0	252	-0.93
17:55:22.497	120.75	0	252	-2.78
17:55:22.773	120.75	0	253	-2.78
17:55:23.017	120.75	0	252	-2.78
17:55:23.260	120.50	0	253	-1.85
17:55:23.501	120.50	0	251	-1.85
17:55:23.776	120.25	0	253	-0.93
17:55:24.020	120.50	0	252	-1.85
17:55:24.261	120.00	0	253	0.00
17:55:24.537	120.50	0	252	-1.85
17:55:24.777	120.75	0	253	-2.78
17:55:25.019	120.25	0	252	-0.93
17:55:25.296	121.00	0	253	-3.70
17:55:25.540	120.75	0	252	-2.78
17:55:25.782	121.00	0	253	-3.70
17:55:26.023	120.75	0	252	-2.78
17:55:26.299	118.75	28	253	28.03
17:55:26.540	120.75	6	251	6.70
17:55:26.781	120.50	0	253	-1.74
17:55:27.058	120.75	0	252	-2.78
17:55:27.303	120.25	0	253	-0.93
17:55:27.546	120.75	0	252	-2.78
17:55:27.789	120.75	0	253	-2.78
17:55:28.063	121.00	0	252	-3.70
17:55:28.304	120.00	0	253	0.00
17:55:28.546	121.00	0	252	-3.70
17:55:28.823	120.75	0	252	-2.78
17:55:29.065	121.00	0	253	-3.70
17:55:29.306	119.75	5	251	5.57
17:55:29.581	121.00	0	253	-3.70
17:55:29.824	121.25	0	252	-4.63
17:55:30.066	121.00	0	253	-3.70
17:55:30.341	119.50	11	252	11.17
17:55:30.584	121.00	0	253	-3.70
17:55:30.825	121.25	0	252	-4.63
17:55:31.067	121.00	0	253	-3.70
17:55:31.342	118.25	39	252	39.11
17:55:31.585	121.00	10	253	10.21
17:55:31.828	121.00	0	253	-3.70
17:55:32.103	121.25	0	252	-4.63
17:55:32.345	119.75	5	251	5.57
17:55:32.586	120.75	0	253	-2.78
17:55:32.864	121.00	0	252	-3.70
17:55:33.102	120.75	0	253	-2.78
17:55:33.344	119.25	16	252	16.76
17:55:33.620	120.75	0	253	-2.78
17:55:33.862	121.25	0	253	-4.63
17:55:34.105	121.25	0	252	-4.63
17:55:34.345	120.25	0	252	-0.93
17:55:34.623	121.50	0	253	-5.55
17:55:34.864	121.50	0	252	-5.55
17:55:35.105	121.50	0	253	-5.55
17:55:35.381	120.75	0	251	-2.78
17:55:35.623	121.00	0	253	-3.70
17:55:35.867	121.25	0	252	-4.63
17:55:36.140	121.50	0	253	-5.55
17:55:36.380	121.50	0	252	-5.55
17:55:36.621	121.00	0	253	-3.70
17:55:36.865	121.00	0	252	-3.70
17:55:37.143	121.50	0	253	-5.55
17:55:37.385	121.50	0	252	-5.55
17:55:37.625	121.75	0	253	-6.48
17:55:37.902	121.50	0	252	-5.55
17:55:38.142	121.50	0	253	-5.55
17:55:38.382	121.50	0	251	-5.55
17:55:38.659	121.50	0	252	-5.55
17:55:38.900	121.25	0	253	-4.63
17:55:39.141	121.50	0	252	-5.55
17:55:39.417	121.25	0	253	-4.63
17:55:39.657	121.25	0	252	-4.63
17:55:39.898	121.50	0	253	-5.55
17:55:40.174	121.50	0	252	-5.55
17:55:40.416	121.25	0	253	-4.63
17:55:40.657	121.00	0	252	-3.70
17:55:40.933	121.25	0	253	-4.63
17:55:41.175	121.25	0	252	-4.63
17:55:41.417	120.75	0	252	-2.78
17:55:41.691	121.75	0	252	-6.48
17:55:41.933	121.75	0	253	-6.48
17:55:42.177	121.75	0	252	-6.48
17:55:42.418	121.75	0	253	-6.48
17:55:42.694	121.75	0	252	-6.48
17:55:42.938	121.75	0	253	-6.48
17:55:43.180	122.00	0	252	-7.40
17:55:43.456	121.75	0	253	-6.48
17:55:43.699	121.50	0	252	-5.55
17:55:43.941	121.50	0	252	-5.55
17:55:44.182	122.00	0	253	-7.40
17:55:44.457	122.00	0	251	-7.40
17:55:44.699	122.00	0	253	-7.40
17:55:44.940	121.75	0	252	-6.48
17:55:45.213	122.00	0	253	-7.40
17:55:45.454	122.00	0	252	-7.40
17:55:45.696	122.00	0	253	-7.40
17:55:45.973	121.25	0	252	-4.63
17:55:46.217	122.00	0	253	-7.40
17:55:46.459	121.75	0	252	-6.48
17:55:46.735	122.00	0	253	-7.40
17:55:46.979	122.25	0	252	-8.32
17:55:47.221	122.00	0	253	-7.40
17:55:47.462	122.00	0	251	-7.40
17:55:47.739	122.00	0	252	-7.40
17:55:47.982	122.00	0	253	-7.40
17:55:48.223	122.00	0	252	-7.40
17:55:48.500	121.75	0	253	-6.48
17:55:48.741	121.75	0	252	-6.48
17:55:48.984	121.75	0	253	-6.48
17:55:49.226	121.25	0	252	-4.63
17:55:49.504	121.75	0	253	-6.48
17:55:49.746	122.00	0	252	-7.40
17:55:49.988	122.00	0	253	-7.40
17:55:50.264	121.75	0	251	-6.48
17:55:50.506	122.00	0	253	-7.40
17:55:50.747	122.00	0	252	-7.40
17:55:50.992	122.00	0	253	-7.40
17:55:51.271	120.75	0	252	-2.78
17:55:51.511	122.00	0	252	-7.40
17:55:51.755	121.75	0	253	-6.48
17:55:52.033	121.50	0	252	-5.55
17:55:52.273	121.75	0	253	-6.48
17:55:52.515	122.00	0	252	-7.40
17:55:52.789	122.00	0	253	-7.40
17:55:53.032	122.00	0	252	-7.40
17:55:53.273	122.25	0	252	-8.32
17:55:53.516	122.00	0	252	-7.40
17:55:53.795	122.25	0	253	-8.32
17:55:54.035	122.00	0	252	-7.40
17:55:54.276	122.00	0	253	-7.40
17:55:54.553	122.25	0	252	-8.32
17:55:54.793	122.25	0	253	-8.32
17:55:55.034	122.25	0	252	-8.32
17:55:55.309	121.50	0	252	-5.55
17:55:55.550	122.25	0	253	-8.32
17:55:55.791	122.25	0	252	-8.32
17:55:56.068	121.75	0	253	-6.48
17:55:56.308	121.50	0	251	-5.55
17:55:56.549	122.25	0	253	-8.32
17:55:56.826	122.00	0	252	-7.40
17:55:57.068	122.00	0	253	-7.40
17:55:57.309	121.50	0	252	-5.55
17:55:57.552	122.25	0	253	-8.32
17:55:57.827	122.25	0	252	-8.32
17:55:58.068	122.25	0	253	-8.32
17:55:58.308	121.25	0	252	-4.63
17:55:58.585	122.25	0	253	-8.32
17:55:58.829	122.00	0	252	-7.40
17:55:59.073	122.25	0	253	-8.32
17:55:59.348	120.50	0	251	-1.85
17:55:59.589	121.75	0	252	-6.48
17:55:59.832	122.25	0	253	-8.32
17:56:00.073	122.25	0	252	-8.32
17:56:00.348	120.00	0	253	0.00
17:56:00.590	122.00	0	252	-7.40
17:56:00.831	121.75	0	253	-6.48
17:56:01.105	122.00	0	252	-7.40
17:56:01.347	119.25	16	253	16.82
17:56:01.589	121.75	0	252	-6.48
17:56:01.865	122.00	0	253	-7.40
17:56:02.108	122.00	0	251	-7.40
17:56:02.350	120.50	0	253	-1.85
17:56:02.627	121.75	0	252	-6.48
17:56:02.869	122.25	0	253	-8.32
17:56:03.110	121.25	0	252	-4.63
17:56:03.385	120.75	0	253	-2.78
17:56:03.627	119.75	5	252	5.59
17:56:03.870	119.00	27	253	27.08
17:56:04.113	121.50	0	252	-5.55
17:56:04.388	121.25	0	253	-4.63
17:56:04.628	122.00	0	252	-7.40
17:56:04.871	122.00	0	253	-7.40
17:56:05.148	121.75	0	251	-6.48
17:56:05.391	121.50	0	253	-5.55
17:56:05.631	122.00	0	252	-7.40
17:56:05.908	121.75	0	252	-6.48
17:56:06.149	122.00	0	253	-7.40
17:56:06.389	122.00	0	252	-7.40
17:56:06.665	122.00	0	253	-7.40
17:56:06.905	122.00	0	252	-7.40
17:56:07.147	121.75	0	253	-6.48
17:56:07.388	122.00	0	252	-7.40
17:56:07.666	122.00	0	253	-7.40
17:56:07.906	121.75	0	252	-6.48
17:56:08.149	122.00	0	252	-7.40
17:56:08.425	121.25	0	252	-4.63
17:56:08.666	122.00	0	253	-7.40
17:56:08.907	121.50	0	252	-5.55
17:56:09.185	122.00	0	253	-7.40
17:56:09.427	122.00	0	252	-7.40
17:56:09.668	121.75	0	252	-6.48
17:56:09.911	121.50	0	253	-5.55
17:56:10.186	121.50	0	252	-5.55
17:56:10.425	121.25	0	253	-4.63
17:56:10.699	121.00	0	252	-3.70
17:56:10.937	120.75	0	253	-2.78
17:56:11.179	121.75	0	251	-6.48
17:56:11.454	120.50	0	253	-1.85
17:56:11.695	120.75	0	252	-2.78
17:56:11.933	121.25	0	253	-4.63
17:56:12.208	121.00	0	252	-3.70
17:56:12.447	120.75	0	253	-2.78
17:56:12.688	121.50	0	252	-5.55
17:56:12.966	119.00	22	253	22.42
17:56:13.192	117.75	69	252	69.00
17:56:13.461	117.50	85	253	85.03
17:56:13.724	118.50	81	252	81.33
17:56:13.965	121.00	53	253	53.35
17:56:14.208	121.75	17	252	17.94
17:56:14.484	121.25	0	252	-3.52
17:56:14.725	121.75	0	253	-6.48
17:56:14.970	121.25	0	252	-4.63
17:56:15.211	121.00	0	253	-3.70
17:56:15.490	121.50	0	252	-5.55
17:56:15.733	121.50	0	253	-5.55
17:56:15.974	121.75	0	252	-6.48
17:56:16.251	121.50	0	253	-5.55
17:56:16.490	121.50	0	252	-5.55
17:56:16.732	121.25	0	253	-4.63
17:56:17.008	121.50	0	252	-5.55
17:56:17.251	121.25	0	251	-4.63
17:56:17.494	121.50	0	253	-5.55
17:56:17.737	121.25	0	252	-4.63
17:56:18.014	121.00	0	253	-3.70
17:56:18.257	121.25	0	252	-4.63
17:56:18.498	121.00	0	253	-3.70
17:56:18.773	121.25	0	252	-4.63
17:56:19.015	121.25	0	253	-4.63
17:56:19.256	120.75	0	252	-2.78
17:56:19.532	121.00	0	253	-3.70
17:56:19.771	121.50	0	252	-5.55
17:56:20.015	121.00	0	253	-3.70
17:56:20.255	121.00	0	251	-3.70
17:56:20.532	121.50	0	253	-5.55
17:56:20.773	121.00	0	252	-3.70
17:56:21.014	121.00	0	253	-3.70
17:56:21.293	119.50	11	252	11.17
17:56:21.535	121.25	0	253	-4.63
17:56:21.777	121.00	0	252	-3.70
17:56:22.050	121.00	0	253	-3.70
17:56:22.294	120.75	0	252	-2.78
17:56:22.537	120.75	0	252	-2.78
17:56:22.780	120.75	0	253	-2.78
17:56:23.058	121.00	0	251	-3.70
17:56:23.299	120.75	0	253	-2.78
17:56:23.544	121.00	0	252	-3.70
17:56:23.786	120.75	0	253	-2.78
17:56:24.062	121.25	0	252	-4.63
17:56:24.304	120.75	0	253	-2.78
17:56:24.545	120.50	0	252	-1.85
17:56:24.821	121.00	0	253	-3.70
17:56:25.061	120.75	0	252	-2.78
17:56:25.303	121.00	0	253	-3.70
17:56:25.580	120.75	0	252	-2.78
17:56:25.824	120.75	0	253	-2.78
17:56:26.065	120.50	0	251	-1.85
17:56:26.309	121.00	0	253	-3.70
17:56:26.587	120.75	0	252	-2.78
17:56:26.829	120.75	0	253	-2.78
17:56:27.070	121.00	0	252	-3.70
17:56:27.345	120.25	0	253	-0.93
17:56:27.586	120.50	0	252	-1.85
17:56:27.827	121.00	0	252	-3.70
17:56:28.104	120.75	0	253	-2.78
17:56:28.348	120.25	0	252	-0.93
17:56:28.590	120.75	0	253	-2.78
17:56:28.866	120.75	0	252	-2.78
17:56:29.107	120.75	0	252	-2.78
17:56:29.349	119.50	11	252	11.17
17:56:29.591	120.75	0	253	-2.78
17:56:29.866	120.50	0	252	-1.85
17:56:30.108	120.25	0	253	-0.93
17:56:30.349	119.50	11	252	11.17
17:56:30.624	120.25	3	253	3.72
17:56:30.864	120.25	0	253	-0.93
17:56:31.106	120.75	0	252	-2.78
17:56:31.385	117.75	50	252	50.28
17:56:31.627	120.50	30	253	30.75
17:56:31.868	120.50	21	253	21.39
17:56:32.142	120.50	12	251	12.10
17:56:32.384	118.75	41	253	41.98
17:56:32.627	120.25	31	253	31.75
17:56:32.869	120.25	27	252	27.08
17:56:33.145	120.25	22	253	22.40
17:56:33.386	118.75	51	252	51.26
17:56:33.628	120.25	41	253	41.03
17:56:33.904	120.50	30	253	30.75
17:56:34.145	120.00	32	252	32.60
17:56:34.385	119.25	49	253	49.41
17:56:34.664	120.50	35	252	35.46
17:56:34.908	120.25	31	253	31.71
17:56:35.149	120.25	27	253	27.03
17:56:35.425	119.75	33	251	33.52
17:56:35.667	119.75	38	253	38.20
17:56:35.906	120.25	31	252	31.69
17:56:36.147	120.25	27	253	27.01
17:56:36.425	120.00	27	253	27.94
17:56:36.666	120.25	22	252	22.35
17:56:36.910	120.25	17	253	17.67
17:56:37.185	120.00	18	253	18.59
17:56:37.427	120.25	13	252	13.01
17:56:37.667	119.50	25	253	25.14
17:56:37.942	120.25	17	252	17.70
17:56:38.184	120.00	18	253	18.63
17:56:38.426	120.25	13	252	13.04
17:56:38.701	120.00	13	252	13.97
17:56:38.943	119.25	30	253	30.78
17:56:39.186	119.50	39	252	39.18
17:56:39.464	120.00	37	253	37.33
17:56:39.706	119.50	48	253	48.54
17:56:39.950	119.50	57	252	57.87
17:56:40.194	119.75	61	253	61.62
17:56:40.471	120.00	60	252	60.70
17:56:40.715	119.75	66	253	66.30
17:56:40.956	119.50	76	253	76.59
17:56:41.198	119.75	76	252	76.70
17:56:41.477	119.50	77	252	77.63
17:56:41.720	119.75	76	252	76.70
17:56:41.963	119.75	76	253	76.70
17:56:42.239	119.75	76	253	76.70
17:56:42.481	120.00	75	252	75.78
17:56:42.723	119.75	76	253	76.70
17:56:42.964	119.75	76	252	76.70
17:56:43.242	119.75	76	253	76.70
17:56:43.483	119.50	77	253	77.63
17:56:43.724	119.50	77	252	77.63
17:56:44.000	119.50	77	253	77.63
17:56:44.241	119.50	77	253	77.63
17:56:44.483	119.25	78	251	78.55
17:56:44.758	119.25	78	253	78.55
17:56:45.001	119.25	78	252	78.55
17:56:45.243	119.50	77	253	77.63
17:56:45.486	119.50	77	253	77.63
17:56:45.764	119.25	78	252	78.55
17:56:46.006	119.25	78	253	78.55
17:56:46.249	119.50	77	252	77.63
17:56:46.522	119.25	78	253	78.55
17:56:46.766	119.50	77	253	77.63
17:56:47.007	119.25	78	252	78.55
17:56:47.285	119.50	77	253	77.63
17:56:47.527	119.00	79	253	79.48
17:56:47.770	118.75	80	251	80.40
17:56:48.046	119.50	77	253	77.63
17:56:48.289	119.25	78	252	78.55
17:56:48.530	118.75	80	253	80.40
17:56:48.774	119.25	78	253	78.55
17:56:49.051	119.25	78	252	78.55
17:56:49.295	119.00	79	253	79.48
17:56:49.533	119.25	78	252	78.55
17:56:49.811	119.00	79	253	79.48
17:56:50.052	119.00	79	253	79.48
17:56:50.295	118.75	80	252	80.40
17:56:50.538	118.75	80	253	80.40
17:56:50.816	118.75	80	251	80.40
17:56:51.060	118.75	80	253	80.40
17:56:51.303	117.00	86	253	86.88
17:56:51.545	118.00	83	252	83.18
17:56:51.820	118.75	80	253	80.40
17:56:52.063	118.25	82	252	82.25
17:56:52.305	118.25	82	253	82.25
17:56:52.581	118.50	81	253	81.33
17:56:52.824	118.50	81	252	81.33
17:56:53.069	118.75	80	253	80.40
17:56:53.345	118.75	80	252	80.40
17:56:53.584	118.75	80	253	80.40
17:56:53.828	118.75	80	252	80.40
17:56:54.071	118.50	81	252	81.33
17:56:54.347	118.50	81	253	81.33
17:56:54.589	118.50	81	252	81.33
17:56:54.833	118.75	80	253	80.40
17:56:55.111	118.75	80	253	80.40
17:56:55.352	118.25	82	252	82.25
17:56:55.594	118.25	82	253	82.25
17:56:55.836	118.50	81	253	81.33
17:56:56.115	118.25	82	252	82.25
17:56:56.356	117.75	84	253	84.10
17:56:56.597	118.25	82	252	82.25
17:56:56.875	118.50	81	252	81.33
17:56:57.115	118.25	82	253	82.25
17:56:57.357	117.25	85	252	85.95
17:56:57.634	118.50	81	253	81.33
17:56:57.878	118.50	81	252	81.33
17:56:58.118	118.50	81	253	81.33
17:56:58.360	117.00	86	253	86.88
17:56:58.636	118.25	82	252	82.25
17:56:58.877	118.25	82	253	82.25
17:56:59.117	118.50	81	252	81.33
17:56:59.395	116.50	88	253	88.73
17:56:59.637	117.75	84	253	84.10
17:56:59.880	118.00	83	252	83.18
17:57:00.157	117.25	85	252	85.95
17:57:00.401	116.25	89	252	89.65
17:57:00.642	117.50	85	253	85.03
17:57:00.885	118.00	83	253	83.18
17:57:01.162	117.75	84	252	84.10
17:57:01.404	115.50	92	253	92.43
17:57:01.647	118.00	83	252	83.18
17:57:01.925	118.00	83	253	83.18
17:57:02.166	117.75	84	253	84.10
17:57:02.407	116.50	88	252	88.73
17:57:02.684	118.00	83	253	83.18
17:57:02.925	117.75	84	253	84.10
17:57:03.164	118.00	83	251	83.18
17:57:03.441	116.75	87	253	87.80
17:57:03.681	117.25	85	252	85.95
17:57:03.922	117.50	85	253	85.03
17:57:04.162	117.75	84	253	84.10
17:57:04.438	117.50	85	252	85.03
17:57:04.683	117.50	85	253	85.03
17:57:04.925	118.00	83	252	83.18
17:57:05.203	117.75	84	253	84.10
17:57:05.444	117.50	85	253	85.03
17:57:05.687	117.50	85	252	85.03
17:57:05.964	117.75	84	253	84.10
17:57:06.206	117.75	84	251	84.10
17:57:06.446	117.75	84	253	84.10
17:57:06.721	117.75	84	253	84.10
17:57:06.964	117.75	84	252	84.10
17:57:07.206	117.50	85	253	85.03
17:57:07.449	117.75	84	252	84.10
17:57:07.725	117.50	85	253	85.03
17:57:07.967	117.50	85	253	85.03
17:57:08.210	117.75	84	252	84.10
17:57:08.487	117.50	85	253	85.03
17:57:08.730	117.50	85	252	85.03
17:57:08.972	117.75	84	253	84.10
17:57:09.213	117.50	85	253	85.03
17:57:09.490	117.25	85	251	85.95
17:57:09.731	117.75	84	253	84.10
17:57:09.976	116.75	87	252	87.80
17:57:10.250	117.50	85	253	85.03
17:57:10.493	117.50	85	253	85.03
17:57:10.735	117.50	85	252	85.03
17:57:11.011	117.50	85	253	85.03
17:57:11.255	116.75	87	252	87.80
17:57:11.498	116.75	87	253	87.80
17:57:11.741	116.75	87	253	87.80
17:57:12.020	117.25	85	252	85.95
17:57:12.261	117.25	85	253	85.95
17:57:12.501	117.25	85	251	85.95
17:57:12.776	117.25	85	253	85.95
17:57:13.018	117.25	85	253	85.95
17:57:13.261	117.00	86	252	86.88
17:57:13.505	116.75	87	253	87.80
17:57:13.780	116.50	88	252	88.73
17:57:14.024	117.25	85	253	85.95
17:57:14.269	117.00	86	253	86.88
17:57:14.544	117.00	86	252	86.88
17:57:14.787	116.75	87	253	87.80
17:57:15.029	117.25	85	252	85.95
17:57:15.271	117.25	85	253	85.95
17:57:15.547	116.50	88	252	88.73
17:57:15.788	116.75	87	252	87.80
17:57:16.032	117.25	85	253	85.95
17:57:16.309	116.75	87	252	87.80
17:57:16.553	116.75	87	253	87.80
17:57:16.795	117.00	86	253	86.88
17:57:17.036	117.00	86	252	86.88
17:57:17.310	117.00	86	253	86.88
17:57:17.553	117.25	85	252	85.95
17:57:17.795	117.00	86	253	86.88
17:57:18.072	117.00	86	253	86.88
17:57:18.314	117.25	85	252	85.95
17:57:18.557	116.00	90	252	90.58
17:57:18.831	116.50	88	253	88.73
17:57:19.073	116.75	87	252	87.80
17:57:19.315	116.25	89	253	89.65
17:57:19.591	116.00	90	252	90.58
17:57:19.832	116.50	88	253	88.73
17:57:20.072	116.25	89	253	89.65
17:57:20.348	116.50	88	252	88.73
17:57:20.591	116.75	87	253	87.80
17:57:20.835	117.00	86	252	86.88
17:57:21.077	117.00	86	253	86.88
17:57:21.353	115.00	94	253	94.28
17:57:21.593	116.75	87	252	87.80
17:57:21.851	113.75	98	252	98.90
17:57:22.105	116.75	87	252	87.80
17:57:22.344	116.50	88	253	88.73
17:57:22.618	116.75	87	253	87.80
17:57:22.857	114.75	95	252	95.20
17:57:23.101	117.00	86	253	86.88
17:57:23.374	116.00	90	252	90.58
17:57:23.615	116.25	89	253	89.65
17:57:23.859	116.75	87	253	87.80
17:57:24.132	116.75	87	252	87.80
17:57:24.373	115.75	91	253	91.50
17:57:24.615	117.00	86	252	86.88
17:57:24.892	116.75	87	252	87.80
17:57:25.132	116.75	87	253	87.80
17:57:25.369	115.25	93	252	93.35
17:57:25.644	116.25	89	253	89.65
17:57:25.887	116.75	87	252	87.80
17:57:26.127	116.50	88	253	88.73
17:57:26.401	115.25	93	253	93.35
