61.50	150	1000	150.03
61.00	150	253	150.97
61.50	150	253	150.09
61.75	149	252	149.56
60.25	152	253	152.35
62.50	148	253	148.30
62.50	148	252	148.03
62.50	148	252	148.03
61.75	149	253	149.44
62.50	148	253	148.12
62.50	148	252	148.03
63.00	147	253	147.09
62.75	147	253	147.50
62.75	147	252	147.53
62.75	147	253	147.53
63.25	146	253	146.59
63.50	146	252	146.06
63.25	146	253	146.50
62.75	147	253	147.47
63.75	145	252	145.65
63.75	145	252	145.53
63.75	145	253	145.53
63.25	146	253	146.47
64.00	145	252	145.12
64.00	145	253	145.03
64.00	145	253	145.03
63.25	146	252	146.44
64.50	144	253	144.18
64.50	144	253	144.03
64.75	143	252	143.56
64.25	144	253	144.47
64.75	143	253	143.59
65.00	143	252	143.06
65.00	143	252	143.03
64.00	144	253	144.91
65.50	142	253	142.21
65.25	142	252	142.50
64.75	143	253	143.47
65.00	143	253	143.06
65.00	143	252	143.03
65.75	141	253	141.62
65.50	142	253	142.00
65.25	142	253	142.50
66.25	140	252	140.65
66.25	140	252	140.53
65.75	141	253	141.47
66.00	141	252	141.06
66.25	140	253	140.56
64.00	144	253	144.77
66.25	140	252	140.80
65.75	141	253	141.47
66.50	140	253	140.12
66.50	140	253	140.03
66.75	139	252	139.56
66.75	139	253	139.53
66.50	140	253	140.00
67.25	138	252	138.62
66.75	139	252	139.47
66.50	140	253	140.00
67.00	139	252	139.09
67.50	138	253	138.09
67.00	138	253	138.97
67.25	138	253	138.56
67.75	137	252	137.59
67.50	138	253	138.00
67.75	137	253	137.56
67.00	138	252	138.94
68.00	137	253	137.15
67.75	137	253	137.50
68.00	137	251	137.06
68.25	136	253	136.56
68.25	136	253	136.53
68.75	135	253	135.59
68.25	136	252	136.47
68.00	137	253	137.00
68.25	136	253	136.56
69.00	135	252	135.12
68.75	135	253	135.50
69.25	134	253	134.59
68.75	135	253	135.47
68.75	135	252	135.53
69.25	134	253	134.59
69.25	134	252	134.53
69.50	134	252	134.06
69.25	134	253	134.50
69.25	134	253	134.53
69.75	133	252	133.59
69.50	134	253	134.00
69.50	134	253	134.03
69.75	133	252	133.56
69.75	133	253	133.53
69.75	133	253	133.53
70.00	133	253	133.06
70.00	133	252	133.03
70.50	132	253	132.09
70.00	132	252	132.97
70.00	133	252	133.03
70.50	132	253	132.09
70.50	132	253	132.03
70.75	131	252	131.56
70.25	132	253	132.47
70.25	132	253	132.53
71.25	130	252	130.65
71.25	130	253	130.53
71.25	130	253	130.53
71.25	130	253	130.53
71.50	130	252	130.06
71.00	130	252	130.97
71.25	130	253	130.56
71.25	130	252	130.53
71.50	130	253	130.06
71.75	129	253	129.56
71.50	130	252	130.00
71.50	130	253	130.03
71.75	129	253	129.56
72.00	129	252	129.06
72.25	128	253	128.56
72.25	128	253	128.53
72.25	128	253	128.53
72.25	128	252	128.53
72.75	127	252	127.59
72.75	127	253	127.53
72.50	128	252	128.00
72.75	127	253	127.56
72.75	127	253	127.53
72.75	127	252	127.53
73.00	127	253	127.06
70.50	131	253	131.74
73.50	126	253	126.39
72.50	127	252	127.91
73.25	126	253	126.62
73.50	126	253	126.06
73.75	125	251	125.56
73.25	126	253	126.47
73.75	125	253	125.59
73.75	125	253	125.53
74.00	125	252	125.06
73.50	125	253	125.97
74.25	124	253	124.62
73.50	125	252	125.94
74.00	125	253	125.09
73.50	125	253	125.97
74.25	124	252	124.62
74.25	124	253	124.53
74.50	124	253	124.06
73.75	125	251	125.44
74.50	124	253	124.12
74.75	123	253	123.56
75.00	123	253	123.06
74.75	123	252	123.50
75.25	122	253	122.59
75.25	122	253	122.53
75.25	122	252	122.53
74.75	123	253	123.47
75.50	122	253	122.12
75.75	121	253	121.56
75.75	121	252	121.53
75.50	122	253	122.00
75.75	121	252	121.56
76.00	121	252	121.06
75.50	121	253	121.97
76.00	121	253	121.09
76.25	120	252	120.56
76.00	121	253	121.00
76.00	121	253	121.03
76.00	121	252	121.03
75.75	121	253	121.50
75.00	122	253	122.94
76.50	120	253	120.21
76.50	120	252	120.03
76.75	119	252	119.56
76.50	120	253	120.00
76.75	119	252	119.56
77.00	119	253	119.06
76.75	119	253	119.50
77.00	119	252	119.06
77.25	118	253	118.56
77.25	118	253	118.53
77.50	118	253	118.06
77.50	118	252	118.03
77.25	118	253	118.50
77.50	118	253	118.06
77.50	118	252	118.03
77.50	118	252	118.03
77.75	117	253	117.56
77.50	118	252	118.00
77.50	118	253	118.03
77.75	117	253	117.56
78.00	117	252	117.06
78.25	116	253	116.56
78.00	117	253	117.00
78.50	116	253	116.09
78.50	116	252	116.03
78.50	116	253	116.03
78.25	116	253	116.50
78.50	116	251	116.06
78.25	116	253	116.50
78.50	116	253	116.06
77.75	117	252	117.44
79.00	115	253	115.18
78.50	115	253	115.97
78.75	115	252	115.56
78.75	115	253	115.53
78.75	115	253	115.53
78.50	116	253	116.00
79.25	114	252	114.62
79.00	115	253	115.00
79.25	114	253	114.56
78.50	115	251	115.94
79.75	113	253	113.68
79.25	114	253	114.47
79.75	113	252	113.59
79.00	114	253	114.94
79.50	114	253	114.09
80.00	113	253	113.09
80.00	113	252	113.03
78.75	115	253	115.38
79.50	114	253	114.12
80.00	113	252	113.09
80.00	113	253	113.03
79.25	114	253	114.44
80.25	112	251	112.65
80.75	111	253	111.59
80.75	111	253	111.53
79.25	114	252	114.35
80.75	111	253	111.71
80.75	111	253	111.53
80.75	111	253	111.53
80.25	112	252	112.47
80.25	112	253	112.53
81.25	110	253	110.65
80.50	111	252	111.94
80.50	112	253	112.03
81.00	111	252	111.09
81.00	111	252	111.03
81.50	110	253	110.09
80.75	111	253	111.44
81.00	111	252	111.06
81.25	110	253	110.56
81.50	110	253	110.06
81.00	110	253	110.97
81.75	109	252	109.62
81.75	109	253	109.53
82.00	109	253	109.06
81.00	110	252	110.91
81.75	109	253	109.62
79.50	113	252	113.76
82.00	109	252	109.33
82.25	108	253	108.56
82.25	108	253	108.53
82.50	108	253	108.06
82.25	108	252	108.50
82.25	108	253	108.53
82.50	108	253	108.06
82.75	107	252	107.56
82.50	108	253	108.00
82.25	108	253	108.50
82.50	108	252	108.06
83.00	107	253	107.09
82.75	107	252	107.50
83.00	107	253	107.06
83.25	106	252	106.56
83.00	107	253	107.00
83.00	107	253	107.03
82.75	107	252	107.50
83.50	106	253	106.12
83.00	106	253	106.97
83.50	106	252	106.09
83.50	106	253	106.03
83.50	106	253	106.03
83.50	106	252	106.03
83.75	105	252	105.56
83.75	105	253	105.53
84.00	105	252	105.06
83.75	105	253	105.50
83.75	105	253	105.53
84.00	105	253	105.06
83.75	105	252	105.50
84.25	104	253	104.59
83.50	105	253	105.94
84.25	104	252	104.62
84.50	104	253	104.06
84.25	104	253	104.50
84.50	104	252	104.06
84.75	103	252	103.56
84.75	103	253	103.53
84.00	104	253	104.94
84.75	103	252	103.62
84.75	103	253	103.53
85.00	103	253	103.06
84.75	103	252	103.50
85.00	103	253	103.06
84.75	103	253	103.50
85.00	103	252	103.06
84.50	103	253	103.97
84.25	104	253	104.50
85.00	103	253	103.12
85.25	102	251	102.56
85.00	103	253	103.00
85.00	103	253	103.03
85.25	102	252	102.56
85.50	102	253	102.06
85.75	101	253	101.56
85.75	101	253	101.53
85.75	101	252	101.53
85.50	102	253	102.00
85.75	101	253	101.56
85.75	101	252	101.53
85.50	102	253	102.00
86.00	101	252	101.09
86.25	100	252	100.56
86.25	100	253	100.53
86.00	101	253	101.00
85.50	101	252	101.97
86.25	100	253	100.62
86.25	100	253	100.53
86.50	100	252	100.06
86.25	100	253	100.50
86.50	100	253	100.06
86.50	100	253	100.03
86.50	100	252	100.03
86.75	99	253	99.56
86.50	100	252	100.00
86.50	100	252	100.03
87.00	99	253	99.09
84.50	103	252	103.73
86.75	99	253	99.80
86.75	99	253	99.53
86.75	99	252	99.53
87.25	98	253	98.59
87.25	98	253	98.53
87.25	98	252	98.53
87.00	99	253	99.00
86.75	99	252	99.50
87.25	98	252	98.59
86.75	99	252	99.47
86.75	99	253	99.53
87.50	98	253	98.12
87.25	98	252	98.50
87.25	98	253	98.53
87.75	97	252	97.59
87.25	98	253	98.47
88.00	97	253	97.12
87.75	97	252	97.50
88.00	97	253	97.06
87.75	97	252	97.50
88.00	97	252	97.06
87.25	98	252	98.44
87.75	97	253	97.59
88.25	96	253	96.59
86.50	99	252	99.82
88.00	97	253	97.21
88.25	96	252	96.56
88.00	97	253	97.00
85.75	101	253	101.27
88.75	95	252	95.89
88.50	96	253	96.00
88.50	96	253	96.03
88.50	96	251	96.03
88.50	96	253	96.03
88.50	96	252	96.03
88.75	95	253	95.56
89.00	95	252	95.06
88.75	95	253	95.50
88.75	95	253	95.53
86.50	99	252	99.76
89.25	94	253	94.86
89.25	94	252	94.53
89.50	94	253	94.06
89.25	94	253	94.50
89.00	95	252	95.00
89.50	94	252	94.09
89.00	94	252	94.97
89.25	94	253	94.56
89.75	93	252	93.59
89.00	94	253	94.94
89.75	93	253	93.62
89.50	94	252	94.00
89.25	94	253	94.50
89.50	94	252	94.06
89.50	94	253	94.03
89.75	93	253	93.56
89.75	93	252	93.53
90.00	93	252	93.06
89.75	93	252	93.50
90.00	93	253	93.06
89.75	93	253	93.50
90.25	92	252	92.59
90.00	93	253	93.00
90.25	92	252	92.56
90.25	92	253	92.53
90.25	92	252	92.53
90.25	92	253	92.53
90.50	92	253	92.06
90.25	92	252	92.50
90.25	92	252	92.53
89.50	93	252	93.94
90.50	92	253	92.15
90.50	92	253	92.03
90.75	91	252	91.56
90.50	92	253	92.00
90.75	91	252	91.56
90.50	92	253	92.00
90.25	92	252	92.50
90.75	91	253	91.59
91.00	91	253	91.06
90.50	91	252	91.97
91.00	91	252	91.09
91.25	90	252	90.56
91.00	91	253	91.00
90.50	91	253	91.97
91.25	90	252	90.62
91.25	90	253	90.53
91.00	91	252	91.00
91.00	91	253	91.03
91.50	90	252	90.09
91.25	90	253	90.50
91.00	91	253	91.00
90.75	91	252	91.50
91.75	89	252	89.65
91.50	90	252	90.00
91.75	89	253	89.56
91.00	90	253	90.94
92.00	89	252	89.15
92.00	89	253	89.03
91.50	89	252	89.97
90.75	91	253	91.44
92.25	88	253	88.71
91.75	89	252	89.47
91.75	89	253	89.53
91.00	90	252	90.94
92.00	89	253	89.15
92.00	89	252	89.03
92.25	88	252	88.56
91.25	90	253	90.41
92.00	89	252	89.12
92.00	89	253	89.03
92.50	88	252	88.09
91.50	89	253	89.91
92.50	88	253	88.15
92.75	87	252	87.56
92.75	87	253	87.53
91.00	90	252	90.82
92.25	88	253	88.68
90.25	92	251	92.29
92.75	87	253	87.83
91.75	89	253	89.41
93.00	87	252	87.18
92.50	87	253	87.97
93.00	87	252	87.09
93.00	87	253	87.03
92.50	87	253	87.97
93.00	87	252	87.09
93.25	86	253	86.56
93.00	87	252	87.00
93.25	86	253	86.56
93.25	86	252	86.53
93.00	87	252	87.00
92.75	87	253	87.50
93.25	86	252	86.59
93.50	86	253	86.06
93.25	86	253	86.50
93.25	86	252	86.53
93.50	86	253	86.06
93.50	86	252	86.03
93.25	86	253	86.50
93.25	86	252	86.53
93.50	86	253	86.06
94.00	85	252	85.09
93.50	85	252	85.97
93.50	86	253	86.03
93.75	85	252	85.56
94.00	85	253	85.06
93.75	85	252	85.50
93.75	85	253	85.53
94.00	85	253	85.06
94.00	85	252	85.03
94.00	85	253	85.03
93.75	85	252	85.50
94.00	85	253	85.06
93.75	85	253	85.50
94.25	84	251	84.59
93.50	85	253	85.94
94.25	84	252	84.62
93.50	85	253	85.94
94.50	84	253	84.15
94.50	84	252	84.03
94.50	84	253	84.03
94.50	84	252	84.03
94.50	84	253	84.03
94.50	84	252	84.03
94.00	84	253	84.97
94.75	83	251	83.62
94.50	84	253	84.00
94.50	84	253	84.03
94.75	83	252	83.56
94.75	83	253	83.53
94.75	83	252	83.53
95.00	83	253	83.06
95.00	83	253	83.03
94.75	83	252	83.50
95.00	83	253	83.06
94.75	83	252	83.50
95.00	83	253	83.06
95.25	82	252	82.56
95.00	83	252	83.00
95.00	83	253	83.03
95.25	82	252	82.56
95.00	83	253	83.00
94.50	83	252	83.97
95.00	83	253	83.09
95.50	82	253	82.09
95.25	82	252	82.50
95.00	83	253	83.00
95.50	82	252	82.09
95.00	82	253	82.97
95.75	81	252	81.62
95.00	82	252	82.94
95.75	81	253	81.62
95.75	81	252	81.53
95.75	81	253	81.53
95.25	82	252	82.47
95.25	82	253	82.53
95.00	83	253	83.00
95.75	81	252	81.62
95.75	81	253	81.53
96.25	80	252	80.59
95.50	81	253	81.94
96.25	80	252	80.62
96.25	80	252	80.53
96.00	81	253	81.00
96.00	81	252	81.03
96.00	81	253	81.03
96.00	81	252	81.03
96.00	81	253	81.03
96.25	80	252	80.56
96.25	80	253	80.53
96.25	80	253	80.53
96.50	80	252	80.06
96.50	80	253	80.03
96.00	80	252	80.97
96.00	81	252	81.03
96.50	80	252	80.09
96.50	80	253	80.03
96.50	80	253	80.03
96.25	80	252	80.50
96.50	80	253	80.06
96.50	80	252	80.03
96.50	80	253	80.03
96.50	80	252	80.03
96.50	80	253	80.03
96.75	79	253	79.56
96.50	80	252	80.00
495.75	0	253	-704.16
96.75	31	251	31.84
96.25	80	253	80.47
97.00	79	253	79.12
96.75	79	252	79.50
96.75	79	253	79.53
97.25	78	252	78.59
97.25	78	253	78.53
97.25	78	252	78.53
97.00	79	253	79.00
95.00	82	253	82.80
97.25	78	252	78.80
97.25	78	253	78.53
97.00	79	251	79.00
96.75	79	253	79.50
97.50	78	253	78.12
96.75	79	252	79.44
97.75	77	253	77.65
97.50	78	252	78.00
97.25	78	253	78.50
97.75	77	252	77.59
97.50	78	253	78.00
97.50	78	253	78.03
97.25	78	252	78.50
97.25	78	253	78.53
97.75	77	251	77.59
98.00	77	253	77.06
97.50	77	253	77.97
97.50	78	252	78.03
97.75	77	253	77.56
97.50	78	252	78.00
97.75	77	253	77.56
98.00	77	253	77.06
97.50	77	252	77.97
97.50	78	253	78.03
97.50	78	252	78.03
98.25	76	253	76.62
97.25	78	251	78.41
98.25	76	253	76.65
98.00	77	253	77.00
97.75	77	252	77.50
98.25	76	253	76.59
98.25	76	252	76.53
98.25	76	253	76.53
97.75	77	253	77.47
98.25	76	252	76.59
98.50	76	253	76.06
98.25	76	252	76.50
98.00	77	253	77.00
98.00	77	251	77.03
98.25	76	253	76.56
98.50	76	253	76.06
98.50	76	252	76.03
98.75	75	253	75.56
98.50	76	252	76.00
98.50	76	253	76.03
98.00	76	253	76.97
98.75	75	252	75.62
98.50	76	253	76.00
97.75	77	252	77.44
99.00	75	253	75.18
99.00	75	251	75.03
98.50	75	253	75.97
98.25	76	253	76.50
98.75	75	252	75.59
99.00	75	253	75.06
99.00	75	252	75.03
98.25	76	253	76.44
98.75	75	253	75.59
98.25	76	252	76.47
98.25	76	253	76.53
98.50	76	252	76.06
99.00	75	253	75.09
99.25	74	253	74.56
99.25	74	251	74.53
98.75	75	253	75.47
99.00	75	252	75.06
99.00	75	253	75.03
98.75	75	252	75.50
98.00	76	253	76.94
99.00	75	253	75.15
99.50	74	252	74.09
99.50	74	253	74.03
98.25	76	252	76.38
99.50	74	253	74.18
99.50	74	253	74.03
99.50	74	251	74.03
98.75	75	253	75.44
99.75	73	252	73.65
97.25	78	253	78.24
99.75	73	253	73.83
99.50	74	252	74.00
99.25	74	253	74.50
99.50	74	252	74.06
100.00	73	253	73.09
99.25	74	253	74.44
99.00	75	252	75.00
99.75	73	253	73.62
99.50	74	251	74.00
99.00	74	253	74.97
99.50	74	252	74.09
99.50	74	253	74.03
99.50	74	253	74.03
99.50	74	252	74.03
100.00	73	253	73.09
100.00	73	252	73.03
100.00	73	253	73.03
98.75	75	253	75.38
100.00	73	252	73.18
100.25	72	253	72.56
100.00	73	253	73.00
99.00	74	251	74.91
100.25	72	253	72.68
100.00	73	252	73.00
100.00	73	253	73.03
99.75	73	253	73.50
99.75	73	252	73.53
100.25	72	253	72.59
100.00	73	252	73.00
100.25	72	253	72.56
100.00	73	253	73.00
100.00	73	252	73.03
100.00	73	253	73.03
100.00	73	252	73.03
99.75	73	252	73.50
100.25	72	253	72.59
100.50	72	253	72.06
100.25	72	252	72.50
100.50	72	253	72.06
98.25	76	252	76.26
100.75	71	253	71.83
100.25	72	253	72.47
100.75	71	252	71.59
100.50	72	253	72.00
100.25	72	253	72.50
100.25	72	251	72.53
100.75	71	253	71.59
100.75	71	253	71.53
100.75	71	252	71.53
101.00	71	253	71.06
100.75	71	253	71.50
101.00	71	252	71.06
101.00	71	253	71.03
100.75	71	253	71.50
101.00	71	252	71.06
101.00	71	253	71.03
101.00	71	252	71.03
101.25	70	253	70.56
100.50	71	252	71.94
100.50	72	252	72.03
101.00	71	253	71.09
100.75	71	253	71.50
101.25	70	252	70.59
101.00	71	253	71.00
100.75	71	253	71.50
101.00	71	252	71.06
101.25	70	253	70.56
101.25	70	253	70.53
100.50	71	252	71.94
101.50	70	253	70.15
101.50	70	251	70.03
101.50	70	253	70.03
101.00	70	253	70.97
101.50	70	252	70.09
101.25	70	253	70.50
101.50	70	253	70.06
101.00	70	252	70.97
101.50	70	253	70.09
101.50	70	253	70.03
101.50	70	252	70.03
101.50	70	253	70.03
101.25	70	253	70.50
101.75	69	251	69.59
101.75	69	253	69.53
101.75	69	252	69.53
101.75	69	253	69.53
101.75	69	253	69.53
101.75	69	252	69.53
101.75	69	253	69.53
101.25	70	253	70.47
101.75	69	252	69.59
101.75	69	253	69.53
100.75	71	253	71.41
101.75	69	252	69.65
101.50	70	253	70.00
101.75	69	251	69.56
102.00	69	253	69.06
101.50	69	253	69.97
101.50	70	252	70.03
101.75	69	253	69.56
102.25	68	253	68.59
102.00	69	252	69.00
101.75	69	253	69.50
102.00	69	253	69.06
102.00	69	252	69.03
102.00	69	253	69.03
102.25	68	253	68.56
101.75	69	251	69.47
102.00	69	253	69.06
102.25	68	253	68.56
102.00	69	252	69.00
102.25	68	253	68.56
102.00	69	253	69.00
102.25	68	252	68.56
102.25	68	253	68.53
102.50	68	252	68.06
102.00	68	253	68.97
102.25	68	253	68.56
100.00	72	252	72.76
102.25	68	253	68.80
102.00	69	252	69.00
102.50	68	252	68.09
102.50	68	253	68.03
102.50	68	253	68.03
102.25	68	252	68.50
102.50	68	253	68.06
102.75	67	253	67.56
102.25	68	252	68.47
101.75	69	253	69.47
102.75	67	253	67.65
102.50	68	252	68.00
102.75	67	253	67.56
102.25	68	252	68.47
102.75	67	252	67.59
102.75	67	253	67.53
102.75	67	252	67.53
102.75	67	253	67.53
102.75	67	253	67.53
102.25	68	252	68.47
103.00	67	253	67.12
103.00	67	253	67.03
102.75	67	252	67.50
102.50	68	253	68.00
103.00	67	253	67.09
103.00	67	251	67.03
103.25	66	253	66.56
102.75	67	252	67.47
102.75	67	253	67.53
103.00	67	253	67.06
103.00	67	252	67.03
103.25	66	253	66.56
103.25	66	253	66.53
103.00	67	252	67.00
103.25	66	253	66.56
103.00	67	253	67.00
103.00	67	252	67.03
103.25	66	253	66.56
103.25	66	252	66.53
103.00	67	252	67.00
103.00	67	253	67.03
103.50	66	252	66.09
103.25	66	253	66.50
103.25	66	253	66.53
102.75	67	252	67.47
103.25	66	253	66.59
103.25	66	253	66.53
103.50	66	252	66.06
103.00	66	253	66.97
103.50	66	253	66.09
103.25	66	251	66.50
103.25	66	253	66.53
102.75	67	253	67.47
103.50	66	252	66.12
103.25	66	253	66.50
103.75	65	253	65.59
102.75	67	252	67.41
103.50	66	253	66.12
103.50	66	253	66.03
103.75	65	252	65.56
103.00	66	253	66.94
103.50	66	252	66.09
103.75	65	253	65.56
102.75	67	252	67.41
103.00	67	252	67.06
103.75	65	253	65.62
103.75	65	253	65.53
103.75	65	252	65.53
103.50	66	253	66.00
103.50	66	253	66.03
103.50	66	252	66.03
103.75	65	253	65.56
103.75	65	253	65.53
103.75	65	252	65.53
104.00	65	253	65.06
104.25	64	251	64.56
103.75	65	253	65.47
104.00	65	253	65.06
102.25	68	252	68.32
103.25	66	253	66.65
104.50	64	253	64.18
104.00	64	252	64.97
104.00	65	253	65.03
104.00	65	253	65.03
104.50	64	252	64.09
104.25	64	253	64.50
104.25	64	253	64.53
101.25	70	252	70.18
104.00	65	252	65.36
104.00	65	253	65.03
104.25	64	252	64.56
104.25	64	253	64.53
104.25	64	252	64.53
104.50	64	253	64.06
104.00	64	253	64.97
104.25	64	252	64.56
104.25	64	253	64.53
104.00	65	253	65.00
104.25	64	252	64.56
104.50	64	253	64.06
104.00	64	252	64.97
103.75	65	252	65.50
104.25	64	253	64.59
103.25	66	253	66.41
104.00	65	252	65.12
104.25	64	253	64.56
104.50	64	253	64.06
104.25	64	252	64.50
104.00	65	253	65.00
104.50	64	252	64.09
104.25	64	253	64.50
104.50	64	253	64.06
104.00	64	251	64.97
103.75	65	253	65.50
104.00	65	253	65.06
104.50	64	252	64.09
104.00	64	253	64.97
104.50	64	253	64.09
102.25	68	252	68.26
104.50	64	253	64.30
104.25	64	253	64.50
104.50	64	252	64.06
105.00	63	253	63.09
104.25	64	253	64.44
104.25	64	252	64.53
104.75	63	252	63.59
104.50	64	253	64.00
104.50	64	252	64.03
104.00	64	253	64.97
104.50	64	253	64.09
104.75	63	252	63.56
104.75	63	253	63.53
104.50	64	252	64.00
105.00	63	253	63.09
105.00	63	253	63.03
105.00	63	252	63.03
105.00	63	253	63.03
104.50	63	252	63.97
105.00	63	252	63.09
104.75	63	253	63.50
105.25	62	253	62.59
105.25	62	252	62.53
105.00	63	253	63.00
104.75	63	252	63.50
105.25	62	253	62.59
105.25	62	253	62.53
105.00	63	252	63.00
104.50	63	253	63.97
105.25	62	253	62.62
105.00	63	252	63.00
104.75	63	252	63.50
104.50	64	253	64.00
105.00	63	252	63.09
105.00	63	253	63.03
105.25	62	253	62.56
104.75	63	252	63.47
105.50	62	253	62.12
105.25	62	253	62.50
104.75	63	252	63.47
105.00	63	253	63.06
105.00	63	253	63.03
105.50	62	252	62.09
105.50	62	252	62.03
105.25	62	252	62.50
104.75	63	253	63.47
105.75	61	253	61.65
105.50	62	252	62.00
105.25	62	253	62.50
105.25	62	253	62.53
105.50	62	252	62.06
105.50	62	253	62.03
105.50	62	253	62.03
105.50	62	252	62.03
105.50	62	253	62.03
105.50	62	251	62.03
105.50	62	253	62.03
105.75	61	253	61.56
105.25	62	252	62.47
105.50	62	253	62.06
105.75	61	253	61.56
105.25	62	252	62.47
105.75	61	253	61.59
105.75	61	253	61.53
105.75	61	252	61.53
105.75	61	253	61.53
105.75	61	252	61.53
105.00	62	253	62.94
105.75	61	252	61.62
105.75	61	252	61.53
105.75	61	253	61.53
105.75	61	253	61.53
105.25	62	252	62.47
105.00	63	253	63.00
105.50	62	253	62.09
105.75	61	252	61.56
106.00	61	253	61.06
105.50	61	253	61.97
103.50	65	252	65.79
106.00	61	253	61.33
105.75	61	253	61.50
105.75	61	251	61.53
106.25	60	253	60.59
106.00	61	252	61.00
106.00	61	253	61.03
106.00	61	253	61.03
106.00	61	252	61.03
105.75	61	253	61.50
105.50	62	253	62.00
106.00	61	252	61.09
106.00	61	253	61.03
106.00	61	253	61.03
106.00	61	252	61.03
105.75	61	252	61.50
106.25	60	252	60.59
106.00	61	253	61.00
105.25	62	253	62.44
105.50	62	252	62.06
106.00	61	253	61.09
106.25	60	253	60.56
105.00	62	252	62.88
106.25	60	253	60.68
106.25	60	253	60.53
106.00	61	252	61.00
105.75	61	253	61.50
106.25	60	252	60.59
106.25	60	252	60.53
106.25	60	253	60.53
105.50	61	252	61.94
105.75	61	253	61.56
106.25	60	253	60.59
106.25	60	252	60.53
106.00	61	253	61.00
106.25	60	253	60.56
106.75	59	252	59.59
106.00	60	253	60.94
106.00	61	253	61.03
105.75	61	252	61.50
105.00	62	252	62.94
105.75	61	253	61.62
106.25	60	252	60.59
106.50	60	253	60.06
106.75	59	253	59.56
106.25	60	252	60.47
106.50	60	253	60.06
106.25	60	253	60.50
106.75	59	252	59.59
106.25	60	253	60.47
106.75	59	252	59.59
106.25	60	253	60.47
106.25	60	252	60.53
106.00	61	252	61.00
106.50	60	253	60.09
106.25	60	253	60.50
106.75	59	252	59.59
106.25	60	253	60.47
107.00	59	253	59.12
106.75	59	252	59.50
106.75	59	253	59.53
106.00	60	253	60.94
106.75	59	252	59.62
106.75	59	253	59.53
106.75	59	253	59.53
106.25	60	251	60.47
106.75	59	253	59.59
106.50	60	253	60.00
106.75	59	252	59.56
106.75	59	253	59.53
106.75	59	252	59.53
106.50	60	253	60.00
106.50	60	253	60.03
106.50	60	252	60.03
107.00	59	253	59.09
106.75	59	253	59.50
106.75	59	252	59.53
106.25	60	252	60.47
106.75	59	253	59.59
106.75	59	252	59.53
107.00	59	253	59.06
107.25	58	252	58.56
106.75	59	253	59.47
107.00	59	253	59.06
106.75	59	252	59.50
106.75	59	253	59.53
107.00	59	253	59.06
107.00	59	252	59.03
107.00	59	253	59.03
107.00	59	252	59.03
107.00	59	252	59.03
107.00	59	253	59.03
107.00	59	252	59.03
106.75	59	253	59.50
107.00	59	253	59.06
107.25	58	252	58.56
106.75	59	253	59.47
107.00	59	253	59.06
107.00	59	252	59.03
107.00	59	253	59.03
107.00	59	253	59.03
106.50	59	252	59.97
107.25	58	252	58.62
107.25	58	253	58.53
107.25	58	252	58.53
107.00	59	253	59.00
107.00	59	252	59.03
107.00	59	253	59.03
107.00	59	253	59.03
107.25	58	252	58.56
107.25	58	253	58.53
107.25	58	253	58.53
107.25	58	252	58.53
107.25	58	253	58.53
107.25	58	251	58.53
107.25	58	253	58.53
107.25	58	253	58.53
107.75	57	252	57.59
107.50	58	253	58.00
104.50	63	253	63.68
107.00	59	252	59.33
107.50	58	253	58.09
107.00	58	253	58.97
107.25	58	252	58.56
107.25	58	253	58.53
107.25	58	252	58.53
107.50	58	252	58.06
107.00	58	253	58.97
107.00	59	252	59.03
106.50	59	253	59.97
107.50	58	253	58.15
107.25	58	252	58.50
107.50	58	253	58.06
107.25	58	253	58.50
107.25	58	252	58.53
107.25	58	253	58.53
107.25	58	253	58.53
107.00	59	252	59.00
106.25	60	253	60.44
106.50	60	252	60.06
106.25	60	252	60.50
106.25	60	253	60.53
106.75	59	252	59.59
106.75	59	253	59.53
106.50	60	253	60.00
106.00	60	252	60.97
106.25	60	253	60.56
106.75	59	253	59.59
106.00	60	252	60.94
106.75	59	253	59.62
106.50	60	253	60.00
106.25	60	251	60.50
106.50	60	253	60.06
106.50	60	253	60.03
106.75	59	252	59.56
106.25	60	253	60.47
106.00	61	253	61.00
107.00	59	252	59.15
106.75	59	253	59.50
106.50	60	252	60.00
106.50	60	253	60.03
106.50	60	253	60.03
106.50	60	252	60.03
106.75	59	253	59.56
105.75	61	252	61.41
106.75	59	252	59.65
107.00	59	253	59.06
107.25	58	253	58.56
106.75	59	252	59.47
106.75	59	253	59.53
107.00	59	253	59.06
107.00	59	252	59.03
107.00	59	253	59.03
107.00	59	252	59.03
106.75	59	253	59.50
107.00	59	253	59.06
107.00	59	251	59.03
106.25	60	253	60.44
107.00	59	253	59.12
106.50	59	252	59.97
106.75	59	253	59.56
107.25	58	253	58.59
107.25	58	252	58.53
107.25	58	253	58.53
107.50	58	253	58.06
107.00	58	252	58.97
106.75	59	253	59.50
107.00	59	252	59.06
107.25	58	253	58.56
107.25	58	252	58.53
107.00	59	252	59.00
107.25	58	253	58.56
106.75	59	253	59.47
107.00	59	252	59.06
107.00	59	253	59.03
106.75	59	253	59.50
107.00	59	252	59.06
107.00	59	253	59.03
106.25	60	253	60.44
107.25	58	252	58.65
107.00	59	253	59.00
107.00	59	252	59.03
107.25	58	252	58.56
107.50	58	253	58.06
107.00	58	252	58.97
107.25	58	253	58.56
107.00	59	253	59.00
107.50	58	252	58.09
106.75	59	253	59.44
107.25	58	253	58.59
107.25	58	252	58.53
107.25	58	253	58.53
107.50	58	253	58.06
106.75	59	251	59.44
107.00	59	253	59.06
106.75	59	253	59.50
107.25	58	252	58.59
107.25	58	253	58.53
107.25	58	253	58.53
107.50	58	252	58.06
107.75	57	253	57.56
106.75	59	253	59.41
107.50	58	252	58.12
107.00	58	253	58.97
107.50	58	252	58.09
107.50	58	253	58.03
107.25	58	252	58.50
107.25	58	252	58.53
107.25	58	253	58.53
107.25	58	253	58.53
107.50	58	252	58.06
107.00	58	253	58.97
107.25	58	253	58.56
107.50	58	252	58.06
107.25	58	253	58.50
107.50	58	253	58.06
107.00	58	252	58.97
107.25	58	253	58.56
106.25	60	252	60.41
107.25	58	252	58.65
107.25	58	253	58.53
107.50	58	253	58.06
107.25	58	252	58.50
107.00	59	253	59.00
107.50	58	252	58.09
107.50	58	253	58.03
107.50	58	253	58.03
107.00	58	252	58.97
107.50	58	253	58.09
107.50	58	253	58.03
107.75	57	252	57.56
107.00	58	252	58.94
107.25	58	253	58.56
107.00	59	252	59.00
107.75	57	253	57.62
107.00	58	253	58.94
108.00	57	252	57.15
107.75	57	253	57.50
107.75	57	253	57.53
106.50	59	252	59.88
107.75	57	253	57.68
107.75	57	252	57.53
108.00	57	253	57.06
107.25	58	252	58.44
107.25	58	252	58.53
107.50	58	253	58.06
107.50	58	253	58.03
107.25	58	252	58.50
107.00	59	253	59.00
107.00	59	253	59.03
107.25	58	252	58.56
107.50	58	253	58.06
107.75	57	253	57.56
107.50	58	252	58.00
107.75	57	253	57.56
107.75	57	253	57.53
107.25	58	251	58.47
107.75	57	253	57.59
107.75	57	252	57.53
107.75	57	253	57.53
107.75	57	253	57.53
108.00	57	252	57.06
107.75	57	253	57.50
108.00	57	253	57.06
108.00	57	252	57.03
107.50	57	253	57.97
108.00	57	253	57.09
107.75	57	252	57.50
107.50	58	252	58.00
107.50	58	252	58.03
107.50	58	253	58.03
107.75	57	253	57.56
107.75	57	252	57.53
108.25	56	253	56.59
107.50	57	253	57.94
107.75	57	252	57.56
108.00	57	253	57.06
107.75	57	253	57.50
107.50	58	252	58.00
108.00	57	253	57.09
108.00	57	253	57.03
108.00	57	251	57.03
108.00	57	253	57.03
107.75	57	252	57.50
108.25	56	253	56.59
107.75	57	253	57.47
107.50	58	252	58.00
107.75	57	253	57.56
107.50	58	253	58.00
107.50	58	252	58.03
107.75	57	253	57.56
108.25	56	253	56.59
108.00	57	252	57.00
108.00	57	252	57.03
107.75	57	253	57.50
108.00	57	252	57.06
108.00	57	253	57.03
107.25	58	252	58.44
107.75	57	253	57.59
107.75	57	253	57.53
108.00	57	252	57.06
107.75	57	253	57.50
108.25	56	253	56.59
107.75	57	252	57.47
108.25	56	253	56.59
107.75	57	252	57.47
108.00	57	252	57.06
108.25	56	253	56.56
108.25	56	253	56.53
108.00	57	252	57.00
108.00	57	253	57.03
108.00	57	253	57.03
108.25	56	252	56.56
108.25	56	253	56.53
108.00	57	253	57.00
107.75	57	252	57.50
108.25	56	253	56.59
108.25	56	252	56.53
108.00	57	252	57.00
108.00	57	253	57.03
108.50	56	252	56.09
108.00	56	253	56.97
107.75	57	253	57.50
108.25	56	252	56.59
108.25	56	253	56.53
108.50	56	253	56.06
107.25	58	252	58.38
108.25	56	253	56.65
108.50	56	253	56.06
108.00	56	252	56.97
107.75	57	252	57.50
107.50	58	252	58.00
108.50	56	253	56.15
108.00	56	253	56.97
108.00	57	252	57.03
107.75	57	253	57.50
108.00	57	253	57.06
106.75	59	252	59.38
108.00	57	253	57.18
108.50	56	253	56.09
108.50	56	252	56.03
108.00	56	253	56.97
108.25	56	253	56.56
108.25	56	251	56.53
108.50	56	253	56.06
108.25	56	253	56.50
108.75	55	252	55.59
108.25	56	253	56.47
108.50	56	253	56.06
108.50	56	252	56.03
108.25	56	253	56.50
108.25	56	252	56.53
107.75	57	253	57.47
108.00	57	253	57.06
108.00	57	252	57.03
107.75	57	252	57.50
108.25	56	253	56.59
108.50	56	252	56.06
108.25	56	253	56.50
108.00	57	253	57.00
108.25	56	252	56.56
108.25	56	253	56.53
108.50	56	253	56.06
108.25	56	252	56.50
108.25	56	253	56.53
108.50	56	252	56.06
108.25	56	253	56.50
108.25	56	252	56.53
108.50	56	252	56.06
108.50	56	253	56.03
108.50	56	253	56.03
108.25	56	252	56.50
108.50	56	253	56.06
108.75	55	253	55.56
108.00	56	252	56.94
108.50	56	253	56.09
108.00	56	253	56.97
108.75	55	252	55.62
108.50	56	253	56.00
108.25	56	253	56.50
108.50	56	251	56.06
108.75	55	253	55.56
108.25	56	252	56.47
108.75	55	253	55.59
108.50	56	253	56.00
108.50	56	252	56.03
108.00	56	253	56.97
108.25	56	253	56.56
108.25	56	252	56.53
108.25	56	253	56.53
108.50	56	253	56.06
108.75	55	252	55.56
108.50	56	252	56.00
108.50	56	253	56.03
108.25	56	252	56.50
108.75	55	253	55.59
108.50	56	253	56.00
108.75	55	252	55.56
108.50	56	253	56.00
108.50	56	252	56.03
108.75	55	253	55.56
108.75	55	253	55.53
108.50	56	252	56.00
108.00	56	253	56.97
108.50	56	253	56.09
108.50	56	251	56.03
108.75	55	253	55.56
108.00	56	253	56.94
108.50	56	252	56.09
108.50	56	253	56.03
108.00	56	253	56.97
108.75	55	252	55.62
108.75	55	253	55.53
107.50	57	253	57.88
109.00	55	252	55.21
108.50	55	253	55.97
107.00	58	252	58.85
107.75	57	252	57.62
108.50	56	253	56.12
108.75	55	252	55.56
108.75	55	253	55.53
108.00	56	253	56.94
108.75	55	252	55.62
108.25	56	253	56.47
109.00	55	253	55.12
107.75	57	252	57.38
108.75	55	253	55.65
108.75	55	253	55.53
108.75	55	252	55.53
107.75	57	253	57.41
108.25	56	252	56.59
108.25	56	252	56.53
108.75	55	253	55.59
107.00	58	253	58.82
108.00	57	252	57.15
108.50	56	253	56.09
108.75	55	253	55.56
108.50	56	252	56.00
108.50	56	253	56.03
108.25	56	252	56.50
108.50	56	253	56.06
108.50	56	253	56.03
108.00	56	251	56.97
108.50	56	253	56.09
108.75	55	253	55.56
108.75	55	252	55.53
108.25	56	253	56.47
108.75	55	253	55.59
108.75	55	252	55.53
108.75	55	253	55.53
108.75	55	253	55.53
108.00	56	252	56.94
108.75	55	253	55.62
108.75	55	252	55.53
109.00	55	252	55.06
109.00	55	253	55.03
108.75	55	252	55.50
108.75	55	253	55.53
109.00	55	253	55.06
108.75	55	252	55.50
108.50	56	253	56.00
108.75	55	253	55.56
108.50	56	252	56.00
109.00	55	253	55.09
108.50	55	253	55.97
108.75	55	252	55.56
109.00	55	253	55.06
108.50	55	251	55.97
108.50	56	253	56.03
108.75	55	253	55.56
108.75	55	252	55.53
108.50	56	253	56.00
108.50	56	253	56.03
108.75	55	252	55.56
108.75	55	253	55.53
108.50	56	253	56.00
108.75	55	252	55.56
109.00	55	253	55.06
108.50	55	253	55.97
108.75	55	251	55.56
108.75	55	253	55.53
109.00	55	252	55.06
109.00	55	253	55.03
109.00	55	253	55.03
109.00	55	252	55.03
108.75	55	253	55.50
108.50	56	253	56.00
108.75	55	252	55.56
108.75	55	253	55.53
109.00	55	253	55.06
109.00	55	252	55.03
109.00	55	253	55.03
108.50	55	251	55.97
109.00	55	253	55.09
108.75	55	253	55.50
107.50	57	252	57.88
109.00	55	253	55.21
109.00	55	253	55.03
109.25	54	252	54.56
108.50	55	253	55.94
108.75	55	253	55.56
108.75	55	252	55.53
109.00	55	253	55.06
108.75	55	253	55.50
108.25	56	251	56.47
109.00	55	253	55.12
108.75	55	253	55.50
109.00	55	252	55.06
109.00	55	253	55.03
109.00	55	252	55.03
109.00	55	253	55.03
109.00	55	253	55.03
108.75	55	252	55.50
108.75	55	253	55.53
109.25	54	253	54.59
108.25	56	252	56.41
108.50	56	252	56.06
109.25	54	253	54.62
108.25	56	252	56.41
108.75	55	253	55.59
108.25	56	253	56.47
109.25	54	252	54.65
109.25	54	253	54.53
109.00	55	252	55.00
108.00	56	253	56.91
109.25	54	253	54.68
108.75	55	252	55.47
109.25	54	253	54.59
108.25	56	253	56.41
108.25	56	251	56.53
108.75	55	253	55.59
109.25	54	253	54.59
109.00	55	252	55.00
109.25	54	253	54.56
109.25	54	253	54.53
108.25	56	252	56.41
109.00	55	253	55.12
109.25	54	253	54.56
108.75	55	252	55.47
109.00	55	253	55.06
108.75	55	253	55.50
109.00	55	251	55.06
109.25	54	253	54.56
109.25	54	253	54.53
109.25	54	252	54.53
109.25	54	253	54.53
109.50	54	252	54.06
109.25	54	253	54.50
109.25	54	253	54.53
109.00	55	252	55.00
109.25	54	253	54.56
109.25	54	253	54.53
109.25	54	252	54.53
108.25	56	253	56.41
109.00	55	252	55.12
109.25	54	252	54.56
108.75	55	253	55.47
109.00	55	253	55.06
108.75	55	252	55.50
108.75	55	253	55.53
108.25	56	252	56.47
109.00	55	253	55.12
109.25	54	253	54.56
109.00	55	252	55.00
109.25	54	253	54.56
109.25	54	253	54.53
109.25	54	251	54.53
109.00	55	253	55.00
109.00	55	253	55.03
109.50	54	252	54.09
109.25	54	253	54.50
108.75	55	253	55.47
108.75	55	252	55.53
109.25	54	253	54.59
109.50	54	253	54.06
109.25	54	252	54.50
108.50	55	253	55.94
109.50	54	252	54.15
109.25	54	253	54.50
109.50	54	252	54.06
109.50	54	252	54.03
108.75	55	253	55.44
108.50	56	253	56.00
109.50	54	252	54.15
108.75	55	253	55.44
109.25	54	253	54.59
109.50	54	252	54.06
109.50	54	253	54.03
109.50	54	253	54.03
109.50	54	252	54.03
108.75	55	253	55.44
109.00	55	252	55.06
109.25	54	252	54.56
109.25	54	253	54.53
109.25	54	252	54.53
109.25	54	253	54.53
109.00	55	253	55.00
109.00	55	252	55.03
109.25	54	253	54.56
109.50	54	253	54.06
108.75	55	252	55.44
109.50	54	253	54.12
109.00	54	253	54.97
109.00	55	251	55.03
109.50	54	253	54.09
109.25	54	253	54.50
109.00	55	252	55.00
109.00	55	253	55.03
109.50	54	252	54.09
109.75	53	253	53.56
109.50	54	253	54.00
109.50	54	252	54.03
109.25	54	253	54.50
109.50	54	253	54.06
108.00	56	252	56.85
108.00	57	253	57.03
109.00	55	252	55.15
109.25	54	252	54.56
109.25	54	253	54.53
109.00	55	253	55.00
109.00	55	252	55.03
109.00	55	253	55.03
109.75	53	252	53.62
108.75	55	253	55.41
109.75	53	253	53.65
109.50	54	252	54.00
107.75	57	253	57.32
109.00	55	253	55.18
109.25	54	251	54.56
109.50	54	253	54.06
109.25	54	253	54.50
109.00	55	252	55.00
109.75	53	253	53.62
109.25	54	253	54.47
109.50	54	252	54.06
109.25	54	253	54.50
109.00	55	253	55.00
109.50	54	252	54.09
109.50	54	253	54.03
109.50	54	252	54.03
109.75	53	253	53.56
109.75	53	252	53.53
109.50	54	252	54.00
109.75	53	253	53.56
109.50	54	253	54.00
109.25	54	252	54.50
109.00	55	253	55.00
109.75	53	253	53.62
109.75	53	252	53.53
109.25	54	253	54.47
110.00	53	253	53.12
109.75	53	252	53.50
109.00	54	253	54.94
109.75	53	252	53.62
108.75	55	252	55.41
109.00	55	253	55.06
108.75	55	252	55.50
108.75	55	253	55.53
107.00	58	253	58.82
106.50	59	252	59.97
106.75	59	253	59.56
108.50	56	253	56.24
106.25	60	252	60.26
106.50	60	253	60.06
106.25	60	253	60.50
106.25	60	251	60.53
106.50	60	253	60.06
107.00	59	253	59.09
106.50	59	252	59.97
106.50	60	253	60.03
106.50	60	253	60.03
106.50	60	252	60.03
106.50	60	253	60.03
106.25	60	252	60.50
106.50	60	253	60.06
106.50	60	253	60.03
106.50	60	252	60.03
106.75	59	253	59.56
106.00	60	252	60.94
106.25	60	252	60.56
106.25	60	253	60.53
106.25	60	253	60.53
106.50	60	252	60.06
106.50	60	253	60.03
106.75	59	252	59.56
109.00	55	253	55.30
106.75	59	253	59.27
108.50	56	252	56.24
110.50	52	253	52.27
109.25	54	253	54.38
110.50	52	251	52.18
110.25	52	253	52.50
110.00	53	253	53.00
109.00	54	252	54.91
110.00	53	253	53.15
110.50	52	253	52.09
110.50	52	252	52.03
110.25	52	253	52.50
110.50	52	253	52.06
110.25	52	252	52.50
110.25	52	253	52.53
110.75	51	253	51.59
110.75	51	252	51.53
110.50	52	252	52.00
110.50	52	252	52.03
110.50	52	253	52.03
110.50	52	253	52.03
110.00	52	252	52.97
110.50	52	253	52.09
110.00	52	253	52.97
110.00	53	252	53.03
110.50	52	253	52.09
110.50	52	253	52.03
110.75	51	252	51.56
110.00	52	253	52.94
110.50	52	251	52.09
110.75	51	253	51.56
110.50	52	253	52.00
109.75	53	252	53.44
110.25	52	253	52.59
110.50	52	253	52.06
110.00	52	252	52.97
109.75	53	253	53.50
110.00	53	253	53.06
110.25	52	252	52.56
110.25	52	253	52.53
109.25	54	253	54.41
110.75	51	252	51.71
110.25	52	252	52.47
110.50	52	253	52.06
109.75	53	252	53.44
110.50	52	253	52.12
110.50	52	253	52.03
107.50	57	252	57.68
110.25	52	253	52.86
110.50	52	253	52.06
110.00	52	252	52.97
110.50	52	253	52.09
110.50	52	252	52.03
110.25	52	253	52.50
110.50	52	252	52.06
109.75	53	252	53.44
110.50	52	253	52.12
109.75	53	253	53.44
110.75	51	252	51.65
110.25	52	253	52.47
110.75	51	253	51.59
110.25	52	252	52.47
110.50	52	253	52.06
110.00	52	253	52.97
110.50	52	252	52.09
110.25	52	253	52.50
110.25	52	253	52.53
110.25	52	251	52.53
110.50	52	253	52.06
110.25	52	253	52.50
110.00	53	252	53.00
110.00	53	253	53.03
110.50	52	252	52.09
109.50	53	253	53.91
110.25	52	253	52.62
110.50	52	252	52.06
110.25	52	253	52.50
109.75	53	253	53.47
110.00	53	252	53.06
109.75	53	252	53.50
110.00	53	253	53.06
109.75	53	252	53.50
110.25	52	253	52.59
110.25	52	253	52.53
110.00	53	252	53.00
109.25	54	253	54.44
110.00	53	253	53.12
110.25	52	252	52.56
110.25	52	253	52.53
109.50	53	253	53.94
110.00	53	252	53.09
109.75	53	252	53.50
109.75	53	252	53.53
110.00	53	253	53.06
110.00	53	253	53.03
110.00	53	252	53.03
110.00	53	253	53.03
110.00	53	253	53.03
109.75	53	252	53.50
109.75	53	253	53.53
109.75	53	252	53.53
109.75	53	253	53.53
109.75	53	253	53.53
110.00	53	252	53.06
110.00	53	252	53.03
110.00	53	253	53.03
109.50	53	252	53.97
110.00	53	253	53.09
110.00	53	253	53.03
110.00	53	252	53.03
109.75	53	253	53.50
109.75	53	252	53.53
109.75	53	253	53.53
109.75	53	253	53.53
109.75	53	252	53.53
109.50	54	253	54.00
109.50	54	252	54.03
109.75	53	252	53.56
109.75	53	253	53.53
109.25	54	252	54.47
109.50	54	253	54.06
109.75	53	253	53.56
109.50	54	252	54.00
109.25	54	253	54.50
109.25	54	253	54.53
110.00	53	252	53.12
107.50	57	253	57.74
109.50	54	253	54.27
109.25	54	251	54.50
109.25	54	253	54.53
109.75	53	253	53.59
109.25	54	252	54.47
109.75	53	253	53.59
109.50	54	253	54.00
109.75	53	252	53.56
109.25	54	253	54.47
109.75	53	253	53.59
108.75	55	252	55.41
108.00	56	253	56.94
109.00	55	253	55.15
109.75	53	252	53.62
109.25	54	252	54.47
109.50	54	253	54.06
109.00	54	252	54.97
109.75	53	253	53.62
109.25	54	253	54.47
109.50	54	252	54.06
109.25	54	253	54.50
109.50	54	252	54.06
109.50	54	253	54.03
109.50	54	253	54.03
109.50	54	252	54.03
109.75	53	253	53.56
109.25	54	253	54.47
109.50	54	251	54.06
108.75	55	253	55.44
109.50	54	253	54.12
109.50	54	252	54.03
109.50	54	253	54.03
109.50	54	253	54.03
109.00	54	252	54.97
109.50	54	253	54.09
109.25	54	252	54.50
109.50	54	253	54.06
109.25	54	253	54.50
109.50	54	252	54.06
106.75	59	252	59.20
109.25	54	253	54.83
109.50	54	252	54.06
108.75	55	253	55.44
108.25	56	253	56.47
109.00	55	252	55.12
108.00	56	253	56.91
109.00	55	253	55.15
109.25	54	252	54.56
109.00	55	253	55.00
108.00	56	253	56.91
109.25	54	252	54.68
108.50	55	252	55.94
109.00	55	253	55.09
108.50	55	252	55.97
109.00	55	253	55.09
109.00	55	253	55.03
109.00	55	252	55.03
108.50	55	253	55.97
108.50	56	252	56.03
109.00	55	253	55.09
109.00	55	253	55.03
108.25	56	252	56.44
108.75	55	253	55.59
108.50	56	253	56.00
109.00	55	251	55.09
108.25	56	253	56.44
108.50	56	253	56.06
109.00	55	252	55.09
108.50	55	253	55.97
108.00	56	252	56.97
108.25	56	253	56.56
108.25	56	253	56.53
108.25	56	252	56.53
108.00	57	253	57.00
108.75	55	253	55.62
108.25	56	252	56.47
108.75	55	252	55.59
108.50	56	253	56.00
108.00	56	252	56.97
108.50	56	253	56.09
108.25	56	253	56.50
108.75	55	252	55.59
108.25	56	253	56.47
108.25	56	253	56.53
108.00	57	252	57.00
108.00	57	253	57.03
108.25	56	252	56.56
107.75	57	253	57.47
108.25	56	253	56.59
108.25	56	251	56.53
108.75	55	253	55.59
107.50	57	253	57.88
108.25	56	252	56.62
108.00	57	253	57.00
108.25	56	253	56.56
108.25	56	252	56.53
108.25	56	253	56.53
108.50	56	253	56.06
108.25	56	252	56.50
108.25	56	253	56.53
108.25	56	253	56.53
108.25	56	251	56.53
108.00	57	253	57.00
108.00	57	252	57.03
108.25	56	253	56.56
107.75	57	253	57.47
108.25	56	252	56.59
107.75	57	253	57.47
108.25	56	253	56.59
107.75	57	252	57.47
107.75	57	253	57.53
107.75	57	253	57.53
108.00	57	252	57.06
107.75	57	252	57.50
107.50	58	253	58.00
107.50	58	252	58.03
107.75	57	253	57.56
107.50	58	253	58.00
105.50	61	252	61.79
107.75	57	253	57.80
108.00	57	252	57.06
107.50	57	253	57.97
107.75	57	253	57.56
107.75	57	252	57.53
107.75	57	253	57.53
107.75	57	253	57.53
107.75	57	251	57.53
107.50	58	253	58.00
107.50	58	253	58.03
107.50	58	252	58.03
107.50	58	253	58.03
107.00	58	252	58.97
107.50	58	253	58.09
107.50	58	253	58.03
107.00	58	252	58.97
107.50	58	253	58.09
107.75	57	253	57.56
107.50	58	252	58.00
106.75	59	252	59.44
107.50	58	253	58.12
107.50	58	252	58.03
107.25	58	253	58.50
107.00	59	253	59.00
106.75	59	252	59.50
107.25	58	253	58.59
107.50	58	253	58.06
107.50	58	252	58.03
107.25	58	253	58.50
106.75	59	252	59.47
107.25	58	253	58.59
107.25	58	253	58.53
106.75	59	251	59.47
107.00	59	253	59.06
106.50	59	253	59.97
107.25	58	252	58.62
107.00	59	253	59.00
106.75	59	253	59.50
107.00	59	252	59.06
107.00	59	253	59.03
106.75	59	253	59.50
107.00	59	252	59.06
107.25	58	253	58.56
107.00	59	253	59.00
107.00	59	251	59.03
106.75	59	253	59.50
107.00	59	252	59.06
106.25	60	253	60.44
106.50	60	253	60.06
106.25	60	252	60.50
106.75	59	253	59.59
106.25	60	253	60.47
106.75	59	252	59.59
106.00	60	253	60.94
106.50	60	253	60.09
106.25	60	252	60.50
106.75	59	253	59.59
106.25	60	252	60.47
106.75	59	252	59.59
106.75	59	253	59.53
106.50	60	253	60.00
105.50	61	252	61.91
106.50	60	253	60.15
106.00	60	253	60.97
106.50	60	252	60.09
106.00	60	253	60.97
106.50	60	253	60.09
105.75	61	252	61.44
106.00	61	253	61.06
106.25	60	252	60.56
106.25	60	252	60.53
105.75	61	253	61.47
106.25	60	252	60.59
106.00	61	253	61.00
106.25	60	253	60.56
105.75	61	252	61.47
106.00	61	253	61.06
106.00	61	253	61.03
103.50	65	252	65.73
105.50	62	253	62.27
105.75	61	253	61.56
106.00	61	251	61.06
106.00	61	253	61.03
105.50	61	253	61.97
105.50	62	252	62.03
106.00	61	253	61.09
105.75	61	253	61.50
105.50	62	252	62.00
106.00	61	253	61.09
105.50	61	252	61.97
105.75	61	253	61.56
105.75	61	253	61.53
105.75	61	252	61.53
105.50	62	253	62.00
105.75	61	252	61.56
106.00	61	252	61.06
106.00	61	253	61.03
105.50	61	253	61.97
105.75	61	252	61.56
105.75	61	253	61.53
105.75	61	253	61.53
105.75	61	252	61.53
105.50	62	253	62.00
105.75	61	252	61.56
105.75	61	253	61.53
105.50	62	253	62.00
105.25	62	251	62.50
105.50	62	253	62.06
105.50	62	253	62.03
105.00	62	252	62.97
105.25	62	253	62.56
105.50	62	253	62.06
105.00	62	252	62.97
105.00	63	253	63.03
105.50	62	253	62.09
105.50	62	252	62.03
105.00	62	253	62.97
105.00	63	252	63.03
102.75	67	253	67.27
105.50	62	252	62.36
105.25	62	252	62.50
105.00	63	253	63.00
105.25	62	253	62.56
105.00	63	252	63.00
105.50	62	253	62.09
104.75	63	253	63.44
104.50	64	252	64.00
105.00	63	253	63.09
105.00	63	253	63.03
104.25	64	252	64.44
104.50	64	253	64.06
104.50	64	252	64.03
105.00	63	252	63.09
104.75	63	253	63.50
104.75	63	252	63.53
104.75	63	253	63.53
104.50	64	253	64.00
104.75	63	252	63.56
104.75	63	253	63.53
104.75	63	253	63.53
104.75	63	252	63.53
104.50	64	253	64.00
105.00	63	253	63.09
104.50	63	251	63.97
104.50	64	253	64.03
104.75	63	252	63.56
104.50	64	253	64.00
105.00	63	253	63.09
104.50	63	252	63.97
104.75	63	253	63.56
104.00	64	253	64.94
104.50	64	252	64.09
104.00	64	253	64.97
104.50	64	253	64.09
104.50	64	252	64.03
104.50	64	253	64.03
103.50	65	252	65.91
104.00	65	252	65.09
104.00	65	253	65.03
104.50	64	252	64.09
103.25	66	253	66.38
104.75	63	253	63.71
103.75	65	252	65.41
103.75	65	253	65.53
103.75	65	253	65.53
104.25	64	252	64.59
104.00	65	253	65.00
103.75	65	253	65.50
103.25	66	251	66.47
104.00	65	253	65.12
103.75	65	253	65.50
103.75	65	252	65.53
103.75	65	253	65.53
103.75	65	253	65.53
103.00	66	252	66.94
103.75	65	253	65.62
104.00	65	253	65.06
103.50	65	252	65.97
102.75	67	253	67.44
104.00	65	252	65.18
103.50	65	253	65.97
103.75	65	252	65.56
102.25	68	252	68.35
103.50	66	253	66.18
103.25	66	253	66.50
104.00	65	252	65.12
103.00	66	253	66.91
103.50	66	253	66.09
103.50	66	252	66.03
103.75	65	253	65.56
102.75	67	253	67.41
104.00	65	252	65.18
103.50	65	253	65.97
103.25	66	252	66.50
103.50	66	252	66.06
103.00	66	253	66.97
103.25	66	253	66.56
101.50	69	252	69.82
103.50	66	253	66.27
103.50	66	253	66.03
103.00	66	252	66.97
103.75	65	253	65.62
103.50	66	252	66.00
103.00	66	253	66.97
103.00	67	253	67.03
103.25	66	252	66.56
103.25	66	252	66.53
103.25	66	253	66.53
103.00	67	252	67.00
103.25	66	253	66.56
103.25	66	253	66.53
103.25	66	252	66.53
103.25	66	253	66.53
103.25	66	252	66.53
102.25	68	253	68.41
102.75	67	253	67.59
103.00	67	252	67.06
103.00	67	253	67.03
103.00	67	252	67.03
102.50	67	252	67.97
103.00	67	253	67.09
102.50	67	253	67.97
102.50	68	252	68.03
102.50	68	253	68.03
103.00	67	253	67.09
102.50	67	252	67.97
102.75	67	253	67.56
103.00	67	252	67.06
102.00	68	253	68.91
102.75	67	253	67.62
102.75	67	251	67.53
102.50	68	253	68.00
102.50	68	253	68.03
102.75	67	252	67.56
102.50	68	253	68.00
102.00	68	253	68.97
102.50	68	252	68.09
101.75	69	253	69.44
102.50	68	253	68.12
102.00	68	252	68.97
102.00	69	253	69.03
102.75	67	253	67.62
102.25	68	252	68.47
102.00	69	252	69.00
102.75	67	253	67.62
102.25	68	252	68.47
102.75	67	253	67.59
102.25	68	252	68.47
102.25	68	253	68.53
101.75	69	253	69.47
102.50	68	252	68.12
102.00	68	253	68.97
102.00	69	253	69.03
102.00	69	252	69.03
102.00	69	253	69.03
102.00	69	252	69.03
102.00	69	252	69.03
102.00	69	253	69.03
101.75	69	252	69.50
101.75	69	253	69.53
102.00	69	253	69.06
101.50	69	252	69.97
101.75	69	253	69.56
101.00	70	253	70.94
101.50	70	252	70.09
101.50	70	253	70.03
101.75	69	253	69.56
101.25	70	252	70.47
101.75	69	252	69.59
101.25	70	253	70.47
101.75	69	252	69.59
100.75	71	253	71.41
102.00	69	253	69.18
100.75	71	252	71.38
101.75	69	253	69.65
101.00	70	253	70.94
100.00	72	252	72.91
101.25	70	253	70.68
101.50	70	253	70.06
101.50	70	252	70.03
101.00	70	252	70.97
101.00	71	252	71.03
101.50	70	253	70.09
101.75	69	253	69.56
101.50	70	252	70.00
101.50	70	253	70.03
101.00	70	253	70.97
101.50	70	252	70.09
101.00	70	253	70.97
101.50	70	253	70.09
101.00	70	252	70.97
101.00	71	253	71.03
101.25	70	253	70.56
101.00	71	251	71.00
101.25	70	253	70.56
101.50	70	252	70.06
101.25	70	253	70.50
100.75	71	253	71.47
101.25	70	252	70.59
100.50	71	253	71.94
101.00	71	253	71.09
101.00	71	252	71.03
101.25	70	253	70.56
100.50	71	253	71.94
101.25	70	252	70.62
100.75	71	252	71.47
101.00	71	253	71.06
100.75	71	252	71.50
101.00	71	253	71.06
100.50	71	253	71.97
101.25	70	252	70.62
101.00	71	253	71.00
101.25	70	253	70.56
101.00	71	252	71.00
100.75	71	253	71.50
100.50	72	253	72.00
98.25	76	252	76.26
101.00	71	253	71.36
101.00	71	251	71.03
100.75	71	253	71.50
101.00	71	253	71.06
100.50	71	252	71.97
100.75	71	253	71.56
100.50	72	253	72.00
100.50	72	252	72.03
100.50	72	253	72.03
100.75	71	253	71.56
100.50	72	252	72.00
100.75	71	253	71.56
100.75	71	253	71.53
100.50	72	251	72.00
100.00	72	253	72.97
100.50	72	252	72.09
100.50	72	253	72.03
100.50	72	253	72.03
100.50	72	252	72.03
100.50	72	253	72.03
100.50	72	253	72.03
100.50	72	252	72.03
100.50	72	253	72.03
100.25	72	252	72.50
100.25	72	253	72.53
100.50	72	252	72.06
100.50	72	252	72.03
100.25	72	253	72.50
100.25	72	253	72.53
100.25	72	252	72.53
100.25	72	253	72.53
100.25	72	253	72.53
100.25	72	252	72.53
100.50	72	253	72.06
100.25	72	252	72.50
100.25	72	253	72.53
100.00	73	253	73.00
100.25	72	252	72.56
100.00	73	252	73.00
100.00	73	253	73.03
100.25	72	252	72.56
100.00	73	253	73.00
100.00	73	253	73.03
100.00	73	252	73.03
100.00	73	253	73.03
100.25	72	252	72.56
100.00	73	253	73.00
100.00	73	253	73.03
99.75	73	252	73.50
99.75	73	253	73.53
99.75	73	251	73.53
99.25	74	253	74.47
99.75	73	253	73.59
99.25	74	252	74.47
99.50	74	253	74.06
99.25	74	252	74.50
100.00	73	253	73.12
99.25	74	253	74.44
99.75	73	252	73.59
99.00	74	253	74.94
99.75	73	253	73.62
99.50	74	252	74.00
99.50	74	252	74.03
99.00	74	252	74.97
99.75	73	253	73.62
99.25	74	252	74.47
99.75	73	253	73.59
99.50	74	253	74.00
99.75	73	252	73.56
99.25	74	253	74.47
99.50	74	252	74.06
99.50	74	253	74.03
99.50	74	253	74.03
99.50	74	252	74.03
99.50	74	253	74.03
99.25	74	251	74.50
99.00	75	253	75.00
99.00	75	252	75.03
96.75	79	253	79.27
99.50	74	253	74.36
99.25	74	252	74.50
99.50	74	253	74.06
99.50	74	252	74.03
99.50	74	253	74.03
98.50	75	252	75.91
99.00	75	253	75.09
98.75	75	253	75.50
98.75	75	251	75.53
99.25	74	253	74.59
99.50	74	252	74.06
99.00	74	253	74.97
99.00	75	253	75.03
99.25	74	252	74.56
98.75	75	253	75.47
98.75	75	252	75.53
98.50	76	253	76.00
99.25	74	253	74.62
98.75	75	252	75.47
99.00	75	253	75.06
99.00	75	251	75.03
99.00	75	253	75.03
98.25	76	252	76.44
99.00	75	253	75.12
98.75	75	253	75.50
98.75	75	252	75.53
99.00	75	253	75.06
98.50	75	252	75.97
98.75	75	253	75.56
98.75	75	253	75.53
98.75	75	252	75.53
99.00	75	253	75.06
99.00	75	251	75.03
98.50	75	253	75.97
98.50	76	252	76.03
98.50	76	253	76.03
98.75	75	253	75.56
98.75	75	252	75.53
99.00	75	253	75.06
97.25	78	252	78.32
98.50	76	253	76.18
99.00	75	253	75.09
98.50	75	252	75.97
98.75	75	253	75.56
98.50	76	251	76.00
98.50	76	253	76.03
98.50	76	252	76.03
98.50	76	253	76.03
98.25	76	253	76.50
98.50	76	252	76.06
98.50	76	253	76.03
98.50	76	252	76.03
98.25	76	253	76.50
98.50	76	252	76.06
97.75	77	253	77.44
98.00	77	253	77.06
98.50	76	251	76.09
98.25	76	253	76.50
98.50	76	252	76.06
98.25	76	253	76.50
98.25	76	253	76.53
98.00	77	252	77.00
98.50	76	253	76.09
98.00	76	252	76.97
98.25	76	253	76.56
98.50	76	253	76.06
98.25	76	252	76.50
97.75	77	253	77.47
98.25	76	252	76.59
98.25	76	252	76.53
98.50	76	252	76.06
97.75	77	253	77.44
98.50	76	253	76.12
98.50	76	252	76.03
96.75	79	253	79.32
97.75	77	252	77.65
98.25	76	253	76.59
98.25	76	253	76.53
98.25	76	252	76.53
97.50	77	253	77.94
98.50	76	252	76.15
98.25	76	252	76.50
98.25	76	253	76.53
97.75	77	252	77.47
98.00	77	253	77.06
97.75	77	252	77.50
98.00	77	253	77.06
97.75	77	253	77.50
98.00	77	252	77.06
97.50	77	253	77.97
98.00	77	252	77.09
98.00	77	253	77.03
97.75	77	252	77.50
97.50	78	252	78.00
97.50	78	253	78.03
98.25	76	252	76.62
98.00	77	253	77.00
97.50	77	252	77.97
98.25	76	253	76.62
98.00	77	253	77.00
97.75	77	252	77.50
97.50	78	253	78.00
98.25	76	252	76.62
97.75	77	253	77.47
97.75	77	252	77.53
97.50	78	252	78.00
97.75	77	253	77.56
98.00	77	252	77.06
97.50	77	253	77.97
97.75	77	252	77.56
98.00	77	253	77.06
98.00	77	253	77.03
97.75	77	252	77.50
98.00	77	253	77.06
97.50	77	252	77.97
97.75	77	253	77.56
97.75	77	253	77.53
98.00	77	251	77.06
95.25	82	253	82.21
97.25	78	252	78.77
97.25	78	253	78.53
97.75	77	253	77.59
97.75	77	252	77.53
97.75	77	253	77.53
97.75	77	252	77.53
97.75	77	253	77.53
97.75	77	252	77.53
97.25	78	253	78.47
97.25	78	253	78.53
97.25	78	252	78.53
97.75	77	252	77.59
97.50	78	252	78.00
97.50	78	253	78.03
97.50	78	252	78.03
97.50	78	253	78.03
97.75	77	253	77.56
97.25	78	252	78.47
97.50	78	253	78.06
97.25	78	252	78.50
97.75	77	253	77.59
97.50	78	253	78.00
97.00	78	252	78.97
97.25	78	252	78.56
97.00	79	252	79.00
97.50	78	253	78.09
97.25	78	252	78.50
97.25	78	253	78.53
97.50	78	253	78.06
97.25	78	252	78.50
97.25	78	253	78.53
97.25	78	252	78.53
97.25	78	253	78.53
97.25	78	253	78.53
96.75	79	252	79.47
97.00	79	252	79.06
97.00	79	252	79.03
97.00	79	253	79.03
96.75	79	252	79.50
96.50	80	253	80.00
97.25	78	253	78.62
97.25	78	252	78.53
97.00	79	253	79.00
97.00	79	252	79.03
97.00	79	253	79.03
97.00	79	252	79.03
96.50	79	253	79.97
96.50	80	252	80.03
97.00	79	252	79.09
97.25	78	253	78.56
97.00	79	252	79.00
96.50	79	253	79.97
97.25	78	253	78.62
97.00	79	252	79.00
97.00	79	253	79.03
96.50	79	252	79.97
96.75	79	253	79.56
97.00	79	252	79.06
96.50	79	253	79.97
96.75	79	253	79.56
97.00	79	251	79.06
97.00	79	253	79.03
97.00	79	252	79.03
96.25	80	253	80.44
97.00	79	253	79.12
96.75	79	252	79.50
97.00	79	253	79.06
96.25	80	252	80.44
96.75	79	253	79.59
96.25	80	252	80.47
96.75	79	253	79.59
96.50	80	253	80.00
97.00	79	251	79.09
97.00	79	253	79.03
96.75	79	252	79.50
96.75	79	253	79.53
96.25	80	253	80.47
96.50	80	252	80.06
95.50	81	253	81.91
96.50	80	252	80.15
96.75	79	253	79.56
96.50	80	253	80.00
96.75	79	252	79.56
97.00	79	253	79.06
96.50	79	251	79.97
96.25	80	253	80.50
96.75	79	253	79.59
97.00	79	252	79.06
96.00	80	253	80.91
96.00	81	252	81.03
95.25	82	253	82.44
97.25	78	252	78.77
97.00	79	253	79.00
96.25	80	253	80.44
93.25	86	252	86.18
93.75	85	253	85.59
96.75	79	251	79.89
96.25	80	253	80.47
96.50	80	253	80.06
96.75	79	252	79.56
96.25	80	253	80.47
96.50	80	252	80.06
96.75	79	253	79.56
96.50	80	253	80.00
96.50	80	252	80.03
96.50	80	253	80.03
96.75	79	252	79.56
97.00	79	253	79.06
96.75	79	251	79.50
96.75	79	253	79.53
96.25	80	253	80.47
96.75	79	252	79.59
96.75	79	253	79.53
96.50	80	252	80.00
96.50	80	253	80.03
96.75	79	253	79.56
96.75	79	252	79.53
96.50	80	253	80.00
94.00	84	252	84.73
96.75	79	253	79.86
96.50	80	253	80.00
96.25	80	251	80.50
96.25	80	253	80.53
96.25	80	252	80.53
96.50	80	253	80.06
96.50	80	252	80.03
96.50	80	253	80.03
96.25	80	253	80.50
96.75	79	252	79.59
96.75	79	253	79.53
96.50	80	252	80.00
96.75	79	253	79.56
96.75	79	252	79.53
96.50	80	252	80.00
95.75	81	253	81.44
96.25	80	252	80.59
95.75	81	253	81.47
96.25	80	252	80.59
96.00	81	253	81.00
96.50	80	253	80.09
96.50	80	252	80.03
96.25	80	253	80.50
96.25	80	252	80.53
96.50	80	253	80.06
96.25	80	253	80.50
96.25	80	251	80.53
96.00	81	253	81.00
96.00	81	252	81.03
96.75	79	253	79.62
96.50	80	252	80.00
96.25	80	253	80.50
96.50	80	253	80.06
96.75	79	252	79.56
96.50	80	253	80.00
95.50	81	252	81.91
96.50	80	253	80.15
96.25	80	253	80.50
96.25	80	251	80.53
96.00	81	253	81.00
96.50	80	252	80.09
96.50	80	253	80.03
96.50	80	252	80.03
95.25	82	253	82.38
96.25	80	253	80.65
96.25	80	252	80.53
96.50	80	253	80.06
95.75	81	252	81.44
96.25	80	253	80.59
96.50	80	253	80.06
96.25	80	251	80.50
95.75	81	253	81.47
96.50	80	252	80.12
96.75	79	253	79.56
96.50	80	253	80.00
96.50	80	252	80.03
96.50	80	253	80.03
96.50	80	252	80.03
96.75	79	253	79.56
96.25	80	252	80.47
96.50	80	253	80.06
96.75	79	253	79.56
96.25	80	251	80.47
96.50	80	253	80.06
96.50	80	252	80.03
96.25	80	253	80.50
96.00	81	253	81.00
96.25	80	252	80.56
96.00	81	253	81.00
95.75	81	252	81.50
94.25	84	253	84.35
93.50	85	253	85.94
93.25	86	252	86.50
93.50	86	253	86.06
93.00	86	252	86.97
92.50	87	252	87.97
92.25	88	252	88.50
92.25	88	253	88.53
92.75	87	253	87.59
92.75	87	252	87.53
93.25	86	253	86.59
92.50	87	252	87.94
92.25	88	253	88.50
93.25	86	253	86.65
92.50	87	252	87.94
92.50	88	253	88.03
92.25	88	252	88.50
92.75	87	252	87.59
93.00	87	253	87.06
92.75	87	252	87.50
92.50	88	253	88.00
92.75	87	252	87.56
92.25	88	253	88.47
92.25	88	252	88.53
92.25	88	253	88.53
92.00	89	253	89.00
93.25	86	252	86.68
93.00	87	253	87.00
92.25	88	252	88.44
92.00	89	252	89.00
93.00	87	253	87.15
92.25	88	252	88.44
93.00	87	253	87.12
93.00	87	252	87.03
92.75	87	253	87.50
93.00	87	252	87.06
93.00	87	253	87.03
92.25	88	253	88.44
92.50	88	252	88.06
92.50	88	253	88.03
92.50	88	252	88.03
93.00	87	252	87.09
93.50	86	253	86.09
93.75	85	252	85.56
93.75	85	253	85.53
94.50	84	252	84.12
93.25	86	253	86.38
94.00	85	252	85.12
94.00	85	253	85.03
96.50	80	253	80.33
96.75	79	252	79.56
96.75	79	253	79.53
96.25	80	252	80.47
97.00	79	253	79.12
96.75	79	252	79.50
97.00	79	252	79.06
96.50	79	253	79.97
96.50	80	252	80.03
96.75	79	253	79.56
96.75	79	253	79.53
96.00	80	252	80.94
96.75	79	253	79.62
96.50	80	252	80.00
96.75	79	253	79.56
96.00	80	252	80.94
96.50	80	253	80.09
96.75	79	252	79.56
96.50	80	252	80.00
96.50	80	253	80.03
94.00	84	252	84.73
94.50	84	253	84.09
96.50	80	253	80.27
96.50	80	252	80.03
96.50	80	253	80.03
97.00	79	252	79.09
96.50	79	253	79.97
96.50	80	252	80.03
96.75	79	253	79.56
97.00	79	252	79.06
96.75	79	252	79.50
96.75	79	253	79.53
96.50	80	252	80.00
96.75	79	253	79.56
97.00	79	253	79.06
1023.75	0	252	-1697.17
97.00	0	253	-30.86
96.50	79	252	79.97
97.00	79	253	79.09
97.00	79	253	79.03
96.50	79	252	79.97
96.75	79	252	79.56
96.25	80	252	80.47
96.75	79	253	79.59
96.00	80	253	80.94
96.75	79	252	79.62
96.50	80	253	80.00
96.75	79	252	79.56
96.50	80	253	80.00
97.00	79	253	79.09
96.25	80	252	80.44
96.75	79	253	79.59
96.75	79	252	79.53
96.50	80	252	80.00
97.00	79	252	79.09
96.75	79	253	79.50
96.75	79	253	79.53
96.50	80	252	80.00
96.50	80	253	80.03
96.25	80	252	80.50
96.50	80	253	80.06
96.50	80	253	80.03
97.00	79	252	79.09
96.50	79	253	79.97
96.75	79	252	79.56
96.00	80	253	80.94
96.00	81	251	81.03
97.00	79	253	79.15
96.25	80	253	80.44
96.00	81	252	81.00
97.00	79	253	79.15
96.75	79	252	79.50
97.00	79	253	79.06
96.25	80	253	80.44
96.50	80	252	80.06
96.75	79	253	79.56
97.00	79	252	79.06
96.00	80	253	80.91
94.50	83	252	83.85
96.50	80	252	80.27
96.50	80	253	80.03
96.75	79	252	79.56
96.50	80	253	80.00
97.00	79	252	79.09
97.00	79	253	79.03
96.50	79	253	79.97
97.00	79	252	79.09
96.25	80	253	80.44
97.00	79	252	79.12
97.00	79	253	79.03
97.00	79	252	79.03
96.75	79	252	79.50
97.25	78	253	78.59
96.75	79	252	79.47
97.00	79	253	79.06
97.00	79	252	79.03
96.50	79	253	79.97
97.00	79	253	79.09
96.25	80	252	80.44
96.50	80	253	80.06
96.75	79	252	79.56
96.75	79	253	79.53
96.50	80	252	80.00
96.50	80	252	80.03
97.00	79	253	79.09
96.75	79	252	79.50
96.25	80	253	80.47
96.25	80	253	80.53
97.00	79	252	79.12
97.00	79	253	79.03
96.25	80	252	80.44
96.75	79	253	79.59
97.25	78	252	78.59
96.75	79	253	79.47
96.75	79	253	79.53
97.00	79	251	79.06
96.50	79	253	79.97
96.75	79	252	79.56
96.00	80	253	80.94
96.75	79	253	79.62
97.00	79	252	79.06
96.25	80	253	80.44
96.00	81	252	81.00
97.25	78	253	78.68
97.00	79	253	79.00
96.50	79	252	79.97
96.75	79	253	79.56
96.50	80	251	80.00
96.75	79	253	79.56
96.50	80	253	80.00
96.75	79	252	79.56
97.00	79	253	79.06
97.25	78	252	78.56
96.50	79	253	79.94
96.75	79	252	79.56
97.00	79	253	79.06
96.75	79	253	79.50
96.75	79	252	79.53
96.75	79	253	79.53
97.50	78	251	78.12
97.00	78	253	78.97
97.00	79	253	79.03
97.50	78	252	78.09
97.25	78	253	78.50
97.00	79	252	79.00
96.75	79	253	79.50
97.25	78	252	78.59
96.75	79	253	79.47
97.25	78	253	78.59
97.00	79	252	79.00
97.25	78	253	78.56
97.00	79	251	79.00
97.00	79	253	79.03
97.00	79	253	79.03
97.00	79	252	79.03
97.00	79	253	79.03
96.75	79	252	79.50
95.75	81	253	81.41
97.25	78	252	78.71
97.25	78	253	78.53
97.00	79	253	79.00
97.25	78	252	78.56
97.25	78	253	78.53
97.25	78	251	78.53
97.50	78	253	78.06
97.00	78	253	78.97
97.00	79	252	79.03
96.75	79	253	79.50
97.50	78	252	78.12
97.25	78	253	78.50
97.50	78	252	78.06
97.00	78	253	78.97
96.75	79	253	79.50
97.00	79	252	79.06
97.50	78	253	78.09
97.25	78	251	78.50
97.00	79	253	79.00
97.00	79	253	79.03
97.50	78	252	78.09
97.25	78	253	78.50
96.75	79	252	79.47
97.25	78	253	78.59
97.50	78	253	78.06
97.00	78	252	78.97
96.50	79	253	79.97
97.25	78	252	78.62
97.25	78	253	78.53
97.25	78	253	78.53
97.00	79	251	79.00
97.50	78	253	78.09
97.00	78	252	78.97
97.00	79	253	79.03
97.00	79	252	79.03
97.00	79	253	79.03
97.50	78	253	78.09
97.50	78	252	78.03
97.50	78	253	78.03
97.50	78	252	78.03
94.50	83	253	83.68
97.50	78	252	78.39
97.25	78	252	78.50
97.25	78	253	78.53
97.25	78	252	78.53
97.50	78	253	78.06
97.50	78	252	78.03
97.00	78	253	78.97
97.75	77	252	77.62
97.25	78	253	78.47
97.50	78	253	78.06
97.25	78	252	78.50
97.50	78	253	78.06
97.75	77	252	77.56
97.75	77	252	77.53
97.00	78	253	78.94
97.50	78	252	78.09
97.75	77	253	77.56
97.50	78	252	78.00
97.25	78	253	78.50
97.75	77	253	77.59
97.75	77	252	77.53
97.75	77	253	77.53
97.25	78	252	78.47
97.50	78	253	78.06
97.25	78	252	78.50
97.75	77	252	77.59
97.25	78	253	78.47
97.25	78	252	78.53
97.75	77	253	77.59
98.00	77	252	77.06
97.25	78	253	78.44
98.00	77	253	77.12
97.50	77	252	77.97
97.75	77	253	77.56
97.00	78	252	78.94
98.00	77	253	77.15
98.00	77	253	77.03
98.00	77	251	77.03
97.25	78	253	78.44
98.00	77	252	77.12
97.75	77	253	77.50
97.75	77	253	77.53
98.00	77	252	77.06
97.75	77	253	77.50
98.00	77	252	77.06
98.00	77	253	77.03
98.00	77	252	77.03
98.00	77	253	77.03
97.75	77	253	77.50
98.00	77	252	77.06
97.75	77	252	77.50
98.00	77	252	77.06
97.75	77	253	77.50
97.75	77	252	77.53
98.00	77	253	77.06
98.00	77	253	77.03
96.50	79	252	79.85
98.25	76	253	76.74
97.75	77	252	77.47
97.75	77	253	77.53
98.25	76	253	76.59
98.00	77	252	77.00
97.50	77	252	77.97
98.00	77	252	77.09
98.25	76	253	76.56
98.00	77	252	77.00
98.00	77	253	77.03
98.00	77	253	77.03
98.25	76	252	76.56
97.75	77	253	77.47
98.25	76	252	76.59
97.75	77	253	77.47
98.00	77	253	77.06
97.75	77	252	77.50
98.00	77	252	77.06
98.00	77	252	77.03
98.00	77	253	77.03
96.00	80	252	80.79
98.25	76	253	76.80
98.50	76	253	76.06
98.25	76	252	76.50
98.25	76	253	76.53
98.25	76	252	76.53
98.25	76	253	76.53
98.00	77	252	77.00
98.25	76	253	76.56
98.50	76	252	76.06
98.50	76	252	76.03
97.75	77	253	77.44
98.00	77	252	77.06
98.25	76	253	76.56
98.50	76	253	76.06
97.50	77	252	77.91
98.25	76	253	76.62
98.00	77	252	77.00
98.00	77	253	77.03
98.00	77	253	77.03
98.25	76	252	76.56
98.00	77	253	77.00
98.25	76	251	76.56
98.00	77	253	77.00
98.00	77	252	77.03
98.25	76	253	76.56
98.50	76	253	76.06
98.25	76	252	76.50
98.00	77	253	77.00
98.50	76	252	76.09
98.50	76	253	76.03
98.75	75	253	75.56
97.75	77	252	77.41
98.75	75	253	75.65
98.25	76	251	76.47
98.50	76	253	76.06
98.00	76	253	76.97
98.50	76	252	76.09
98.50	76	253	76.03
98.50	76	252	76.03
95.75	81	253	81.21
98.75	75	252	75.89
98.75	75	253	75.53
98.75	75	253	75.53
98.25	76	252	76.47
98.75	75	253	75.59
98.50	76	251	76.00
98.75	75	253	75.56
97.50	77	253	77.88
98.25	76	252	76.62
98.50	76	253	76.06
98.00	76	252	76.97
98.00	77	253	77.03
98.50	76	253	76.09
98.75	75	252	75.56
98.75	75	253	75.53
98.50	76	252	76.00
98.75	75	253	75.56
99.25	74	251	74.59
98.50	75	253	75.94
98.50	76	253	76.03
99.25	74	252	74.62
98.75	75	253	75.47
98.75	75	252	75.53
98.75	75	253	75.53
99.00	75	253	75.06
98.75	75	252	75.50
99.00	75	253	75.06
99.00	75	252	75.03
99.00	75	253	75.03
98.75	75	251	75.50
99.25	74	253	74.59
99.00	75	253	75.00
99.00	75	252	75.03
99.25	74	253	74.56
99.25	74	252	74.53
98.75	75	253	75.47
99.00	75	253	75.06
99.00	75	252	75.03
99.00	75	253	75.03
99.25	74	252	74.56
99.00	75	253	75.00
99.25	74	251	74.56
99.25	74	253	74.53
99.50	74	253	74.06
99.25	74	252	74.50
99.25	74	253	74.53
99.25	74	252	74.53
99.50	74	253	74.06
99.00	74	252	74.97
99.25	74	253	74.56
99.00	75	253	75.00
99.00	75	252	75.03
97.25	78	253	78.32
99.50	74	252	74.30
99.25	74	252	74.50
99.50	74	253	74.06
99.00	74	252	74.97
99.50	74	253	74.09
99.50	74	252	74.03
99.50	74	253	74.03
99.25	74	252	74.50
99.25	74	253	74.53
99.50	74	253	74.06
99.75	73	252	73.56
99.25	74	253	74.47
99.75	73	252	73.59
99.25	74	252	74.47
99.00	75	253	75.00
99.25	74	252	74.56
99.50	74	253	74.06
99.50	74	252	74.03
99.50	74	253	74.03
99.00	74	252	74.97
99.50	74	253	74.09
99.50	74	253	74.03
99.25	74	252	74.50
99.75	73	253	73.59
99.50	74	252	74.00
97.25	78	252	78.26
99.75	73	253	73.83
99.50	74	252	74.00
99.00	74	253	74.97
99.50	74	252	74.09
99.50	74	253	74.03
99.25	74	253	74.50
99.00	75	252	75.00
99.50	74	253	74.09
100.00	73	252	73.09
100.00	73	253	73.03
99.25	74	253	74.44
99.50	74	251	74.06
99.50	74	253	74.03
99.50	74	252	74.03
99.25	74	253	74.50
99.00	75	252	75.00
99.50	74	253	74.09
100.00	73	253	73.09
99.25	74	252	74.44
99.00	75	253	75.00
100.00	73	252	73.15
100.25	72	253	72.56
99.75	73	253	73.47
99.75	73	251	73.53
100.00	73	253	73.06
100.00	73	253	73.03
100.00	73	252	73.03
100.00	73	253	73.03
99.75	73	252	73.50
100.00	73	253	73.06
100.00	73	253	73.03
99.75	73	252	73.50
100.25	72	253	72.59
100.00	73	253	73.00
100.25	72	252	72.56
99.50	73	253	73.94
100.25	72	251	72.62
100.00	73	253	73.00
99.25	74	253	74.44
99.50	74	252	74.06
98.50	75	253	75.91
98.25	76	253	76.50
98.25	76	252	76.53
97.75	77	253	77.47
97.50	78	252	78.00
97.75	77	253	77.56
98.25	76	252	76.59
98.00	77	253	77.00
99.00	75	252	75.15
100.00	73	252	73.15
100.50	72	253	72.09
100.25	72	253	72.50
100.50	72	252	72.06
100.25	72	253	72.50
100.50	72	252	72.06
100.50	72	253	72.03
100.50	72	253	72.03
100.50	72	252	72.03
100.25	72	253	72.50
100.50	72	253	72.06
100.75	71	251	71.56
100.75	71	253	71.53
100.50	72	253	72.00
100.75	71	252	71.56
100.50	72	253	72.00
100.50	72	253	72.03
100.50	72	252	72.03
100.00	72	253	72.97
100.50	72	252	72.09
100.50	72	253	72.03
100.50	72	253	72.03
100.75	71	252	71.56
100.50	72	253	72.00
100.25	72	252	72.50
100.75	71	252	71.59
100.75	71	253	71.53
100.50	72	253	72.00
100.50	72	252	72.03
99.50	73	253	73.91
100.75	71	252	71.68
100.75	71	253	71.53
101.00	71	253	71.06
101.25	70	252	70.56
100.50	71	253	71.94
100.75	71	253	71.56
100.50	72	251	72.00
101.00	71	253	71.09
99.75	73	253	73.38
100.25	72	252	72.59
101.25	70	253	70.65
101.25	70	253	70.53
101.00	71	252	71.00
101.00	71	253	71.03
100.75	71	252	71.50
101.25	70	253	70.59
101.25	70	253	70.53
101.25	70	252	70.53
101.25	70	253	70.53
101.00	71	252	71.00
101.25	70	252	70.56
101.00	71	253	71.00
100.75	71	253	71.50
100.25	72	252	72.47
101.25	70	253	70.65
101.25	70	253	70.53
101.25	70	252	70.53
100.75	71	253	71.47
101.00	71	252	71.06
101.25	70	253	70.56
100.75	71	253	71.47
100.25	72	251	72.47
101.00	71	253	71.12
101.25	70	253	70.56
100.50	71	252	71.94
100.75	71	253	71.56
101.50	70	253	70.12
101.50	70	252	70.03
100.25	72	253	72.38
98.50	75	253	75.82
101.25	70	252	70.86
101.50	70	253	70.06
101.00	70	253	70.97
101.00	71	252	71.03
101.25	70	252	70.56
101.75	69	253	69.59
101.00	70	252	70.94
100.75	71	253	71.50
101.25	70	253	70.59
101.50	70	252	70.06
101.25	70	253	70.50
101.00	71	253	71.00
101.25	70	252	70.56
101.75	69	253	69.59
101.75	69	252	69.53
101.50	70	253	70.00
101.75	69	252	69.56
102.00	69	252	69.06
101.50	69	253	69.97
101.50	70	253	70.03
101.75	69	252	69.56
101.50	70	253	70.00
102.00	69	253	69.09
101.25	70	252	70.44
101.25	70	253	70.53
102.00	69	253	69.12
101.75	69	252	69.50
101.75	69	253	69.53
101.75	69	253	69.53
102.00	69	251	69.06
101.75	69	253	69.50
101.75	69	252	69.53
101.75	69	253	69.53
101.50	70	253	70.00
101.75	69	252	69.56
102.00	69	253	69.06
102.00	69	253	69.03
102.00	69	252	69.03
102.00	69	253	69.03
102.00	69	253	69.03
102.00	69	252	69.03
102.00	69	252	69.03
101.75	69	252	69.50
102.00	69	253	69.06
102.25	68	253	68.56
102.25	68	252	68.53
101.75	69	253	69.47
101.50	70	253	70.00
101.75	69	252	69.56
102.00	69	253	69.06
102.00	69	253	69.03
102.25	68	252	68.56
102.25	68	253	68.53
102.25	68	251	68.53
101.75	69	253	69.47
101.75	69	253	69.53
102.00	69	252	69.06
102.00	69	253	69.03
102.25	68	253	68.56
102.75	67	252	67.59
102.25	68	253	68.47
102.25	68	253	68.53
102.50	68	252	68.06
101.75	69	253	69.44
102.00	69	253	69.06
102.50	68	252	68.09
102.50	68	252	68.03
102.50	68	252	68.03
102.25	68	253	68.50
102.50	68	253	68.06
102.00	68	252	68.97
102.00	69	253	69.03
102.50	68	253	68.09
102.50	68	252	68.03
102.50	68	253	68.03
102.00	68	253	68.97
102.25	68	252	68.56
102.50	68	253	68.06
100.00	72	251	72.73
102.50	68	253	68.33
99.75	73	253	73.21
99.25	74	252	74.47
102.25	68	253	68.89
102.75	67	253	67.59
102.50	68	252	68.00
102.75	67	253	67.56
102.25	68	253	68.47
102.75	67	252	67.59
102.75	67	253	67.53
102.75	67	253	67.53
102.25	68	251	68.47
102.75	67	253	67.59
102.50	68	253	68.00
102.75	67	252	67.56
102.00	68	253	68.94
102.50	68	253	68.09
102.50	68	252	68.03
103.00	67	253	67.09
102.25	68	252	68.44
103.00	67	253	67.12
102.75	67	253	67.50
102.50	68	252	68.00
102.50	68	253	68.03
102.50	68	252	68.03
102.75	67	252	67.56
102.50	68	253	68.00
102.50	68	253	68.03
103.00	67	252	67.09
102.75	67	253	67.50
102.50	68	252	68.00
102.25	68	253	68.50
103.25	66	253	66.65
103.25	66	252	66.53
102.50	67	253	67.94
102.75	67	253	67.56
103.00	67	251	67.06
103.00	67	253	67.03
102.75	67	253	67.50
101.25	70	252	70.35
102.50	68	253	68.18
103.25	66	253	66.62
102.50	67	252	67.94
103.00	67	253	67.09
102.50	67	253	67.97
102.75	67	252	67.56
102.75	67	253	67.53
103.25	66	253	66.59
101.25	70	252	70.29
102.75	67	252	67.71
102.75	67	252	67.53
102.25	68	253	68.47
103.25	66	253	66.65
103.00	67	252	67.00
102.50	67	253	67.97
102.75	67	253	67.56
103.00	67	252	67.06
103.00	67	253	67.03
103.00	67	253	67.03
103.00	67	252	67.03
103.25	66	253	66.56
103.25	66	252	66.53
103.50	66	252	66.06
103.25	66	253	66.50
103.25	66	253	66.53
103.25	66	252	66.53
103.25	66	253	66.53
103.25	66	252	66.53
103.25	66	253	66.53
103.25	66	253	66.53
103.25	66	252	66.53
103.25	66	253	66.53
103.50	66	253	66.06
103.50	66	252	66.03
101.75	69	252	69.32
102.75	67	252	67.65
103.50	66	253	66.12
102.75	67	253	67.44
103.25	66	252	66.59
103.50	66	253	66.06
103.75	65	253	65.56
103.75	65	252	65.53
103.75	65	253	65.53
103.50	66	253	66.00
103.75	65	252	65.56
103.75	65	253	65.53
103.50	66	252	66.00
103.75	65	252	65.56
103.50	66	253	66.00
103.75	65	253	65.56
104.00	65	252	65.06
103.00	66	253	66.91
103.75	65	253	65.62
103.75	65	252	65.53
103.25	66	253	66.47
103.75	65	252	65.59
103.75	65	253	65.53
103.50	66	253	66.00
103.25	66	251	66.50
103.50	66	253	66.06
103.50	66	253	66.03
103.75	65	252	65.56
103.50	66	253	66.00
103.50	66	253	66.03
104.00	65	252	65.09
103.75	65	253	65.50
103.75	65	253	65.53
103.50	66	252	66.00
104.00	65	253	65.09
103.50	65	252	65.97
103.50	66	253	66.03
104.25	64	252	64.62
103.50	65	252	65.94
104.25	64	253	64.62
103.25	66	253	66.41
103.75	65	252	65.59
104.25	64	253	64.59
103.75	65	253	65.47
101.25	70	252	70.23
104.00	65	253	65.36
104.00	65	253	65.03
104.00	65	252	65.03
103.50	65	253	65.97
103.50	66	252	66.03
104.25	64	252	64.62
104.00	65	253	65.00
103.25	66	252	66.44
103.50	66	253	66.06
104.25	64	253	64.62
103.75	65	252	65.47
104.25	64	253	64.59
104.00	65	253	65.00
104.25	64	252	64.56
104.00	65	253	65.00
104.00	65	253	65.03
104.25	64	252	64.56
104.00	65	252	65.00
104.00	65	253	65.03
104.50	64	252	64.09
104.00	64	253	64.97
104.25	64	253	64.56
103.75	65	252	65.47
104.50	64	253	64.12
104.25	64	253	64.50
104.00	65	252	65.00
104.00	65	253	65.03
104.00	65	252	65.03
104.50	64	253	64.09
104.75	63	252	63.56
104.25	64	252	64.47
104.50	64	253	64.06
104.25	64	253	64.50
103.75	65	252	65.47
104.75	63	253	63.65
104.75	63	253	63.53
104.50	64	252	64.00
104.75	63	253	63.56
104.75	63	253	63.53
104.25	64	252	64.47
104.50	64	253	64.06
104.00	64	253	64.97
104.50	64	251	64.09
104.50	64	253	64.03
104.50	64	252	64.03
104.75	63	253	63.56
104.25	64	253	64.47
104.75	63	252	63.59
104.75	63	253	63.53
104.75	63	253	63.53
105.00	63	252	63.06
105.00	63	253	63.03
105.00	63	253	63.03
105.00	63	252	63.03
105.25	62	252	62.56
104.50	63	252	63.94
105.00	63	253	63.09
105.00	63	253	63.03
105.00	63	252	63.03
105.00	63	253	63.03
104.50	63	253	63.97
104.75	63	252	63.56
104.50	64	253	64.00
104.50	64	253	64.03
105.00	63	252	63.09
104.25	64	253	64.44
105.00	63	253	63.12
104.75	63	251	63.50
104.25	64	253	64.47
105.25	62	252	62.65
104.50	63	253	63.94
105.00	63	253	63.09
104.75	63	252	63.50
105.00	63	253	63.06
104.75	63	253	63.50
105.00	63	252	63.06
104.50	63	253	63.97
105.25	62	253	62.62
103.00	66	252	66.76
104.75	63	252	63.74
104.75	63	253	63.53
105.00	63	252	63.06
104.75	63	253	63.50
105.25	62	253	62.59
105.00	63	252	63.00
105.25	62	253	62.56
104.75	63	253	63.47
104.75	63	252	63.53
105.00	63	253	63.06
105.00	63	253	63.03
103.50	65	252	65.85
104.50	64	252	64.15
105.50	62	252	62.15
105.25	62	253	62.50
104.50	63	253	63.94
105.25	62	252	62.62
105.00	63	253	63.00
105.00	63	253	63.03
104.50	63	252	63.97
105.75	61	253	61.68
105.00	62	253	62.94
105.50	62	252	62.09
105.25	62	253	62.50
105.50	62	253	62.06
105.75	61	251	61.56
105.50	62	253	62.00
105.25	62	253	62.50
105.75	61	252	61.59
105.25	62	253	62.47
106.00	61	253	61.12
105.50	61	252	61.97
105.75	61	253	61.56
105.50	62	252	62.00
105.75	61	253	61.56
105.50	62	253	62.00
105.75	61	252	61.56
105.50	62	252	62.00
105.00	62	253	62.97
103.50	65	252	65.85
105.50	62	253	62.27
105.75	61	253	61.56
105.00	62	252	62.94
105.75	61	253	61.62
105.50	62	253	62.00
105.75	61	252	61.56
105.00	62	253	62.94
105.75	61	253	61.62
106.00	61	252	61.06
106.00	61	253	61.03
105.00	62	252	62.91
106.00	61	252	61.15
105.25	62	253	62.44
106.00	61	253	61.12
105.00	62	252	62.91
106.00	61	253	61.15
106.00	61	252	61.03
106.00	61	253	61.03
105.50	61	253	61.97
106.00	61	252	61.09
106.00	61	253	61.03
106.00	61	253	61.03
106.00	61	251	61.03
105.75	61	253	61.50
106.00	61	253	61.06
106.00	61	252	61.03
106.00	61	253	61.03
106.00	61	252	61.03
105.75	61	253	61.50
106.00	61	253	61.06
105.50	61	252	61.97
106.00	61	253	61.09
106.25	60	253	60.56
106.00	61	252	61.00
106.25	60	252	60.56
106.00	61	253	61.00
106.00	61	252	61.03
105.75	61	253	61.50
105.25	62	252	62.47
106.00	61	253	61.12
106.00	61	253	61.03
106.25	60	252	60.56
105.25	62	253	62.41
106.00	61	253	61.12
105.50	61	252	61.97
106.00	61	253	61.09
106.25	60	253	60.56
106.00	61	251	61.00
106.00	61	253	61.03
105.75	61	253	61.50
105.75	61	252	61.53
106.25	60	253	60.59
105.75	61	253	61.47
106.00	61	252	61.06
106.00	61	253	61.03
106.50	60	252	60.09
106.00	60	253	60.97
106.00	61	253	61.03
105.50	61	252	61.97
106.00	61	252	61.09
105.50	61	253	61.97
106.00	61	252	61.09
106.00	61	253	61.03
106.50	60	253	60.09
105.75	61	252	61.44
106.25	60	253	60.59
105.50	61	253	61.94
106.00	61	252	61.09
106.00	61	253	61.03
106.25	60	253	60.56
106.00	61	252	61.00
106.50	60	253	60.09
105.75	61	251	61.44
106.50	60	253	60.12
106.00	60	253	60.97
106.00	61	252	61.03
106.50	60	253	60.09
106.00	60	253	60.97
103.50	65	252	65.73
106.50	60	253	60.39
106.50	60	253	60.03
106.50	60	252	60.03
105.25	62	253	62.38
105.50	62	253	62.06
106.00	61	251	61.09
105.75	61	253	61.50
105.50	62	253	62.00
105.50	62	252	62.03
105.50	62	253	62.03
105.50	62	252	62.03
105.50	62	253	62.03
105.75	61	253	61.56
105.00	62	252	62.94
105.25	62	253	62.56
105.75	61	253	61.59
105.75	61	252	61.53
105.75	61	253	61.53
105.75	61	252	61.53
105.50	62	252	62.00
105.25	62	253	62.50
105.75	61	252	61.59
105.75	61	253	61.53
105.75	61	253	61.53
105.75	61	252	61.53
106.00	61	253	61.06
105.75	61	253	61.50
105.75	61	252	61.53
105.25	62	253	62.47
106.00	61	253	61.12
105.50	61	251	61.97
105.75	61	253	61.56
106.00	61	253	61.06
105.75	61	252	61.50
105.75	61	253	61.53
105.50	62	252	62.00
105.50	62	253	62.03
105.75	61	253	61.56
105.50	62	252	62.00
105.00	62	253	62.97
105.75	61	253	61.62
106.25	60	252	60.59
105.75	61	252	61.47
106.00	61	253	61.06
106.00	61	252	61.03
105.75	61	253	61.50
105.75	61	253	61.53
106.00	61	252	61.06
106.00	61	253	61.03
106.00	61	253	61.03
106.00	61	252	61.03
106.00	61	253	61.03
106.25	60	252	60.56
105.50	61	253	61.94
106.00	61	253	61.09
106.00	61	251	61.03
106.25	60	253	60.56
106.00	61	253	61.00
106.25	60	252	60.56
106.25	60	253	60.53
106.00	61	253	61.00
106.25	60	252	60.56
106.25	60	253	60.53
106.25	60	252	60.53
106.00	61	253	61.00
106.50	60	253	60.09
106.50	60	252	60.03
106.50	60	252	60.03
106.50	60	253	60.03
105.75	61	252	61.44
106.00	61	253	61.06
106.00	61	253	61.03
106.25	60	252	60.56
105.75	61	253	61.47
106.00	61	252	61.06
106.00	61	253	61.03
106.00	61	253	61.03
106.00	61	252	61.03
105.50	61	253	61.97
105.75	61	253	61.56
106.00	61	251	61.06
106.25	60	253	60.56
105.50	61	253	61.94
106.25	60	252	60.62
106.25	60	253	60.53
106.25	60	253	60.53
105.25	62	252	62.41
106.50	60	253	60.18
106.25	60	253	60.50
106.75	59	252	59.59
105.75	61	253	61.41
106.50	60	252	60.12
106.50	60	252	60.03
106.50	60	253	60.03
105.75	61	252	61.44
106.50	60	253	60.12
106.50	60	253	60.03
106.50	60	252	60.03
106.00	60	253	60.97
106.50	60	253	60.09
106.75	59	252	59.56
106.25	60	253	60.47
106.25	60	253	60.53
106.50	60	252	60.06
106.75	59	252	59.56
106.00	60	253	60.94
106.25	60	252	60.56
106.25	60	253	60.53
106.50	60	252	60.06
106.50	60	253	60.03
106.50	60	253	60.03
107.00	59	252	59.09
106.75	59	253	59.50
106.75	59	253	59.53
106.75	59	252	59.53
106.75	59	253	59.53
106.75	59	252	59.53
106.50	60	252	60.00
105.50	61	253	61.91
106.25	60	252	60.62
106.75	59	253	59.59
106.50	60	253	60.00
106.50	60	252	60.03
106.50	60	253	60.03
106.75	59	253	59.56
106.75	59	252	59.53
106.75	59	253	59.53
106.50	60	253	60.00
106.75	59	252	59.56
106.75	59	252	59.53
106.25	60	252	60.47
106.25	60	253	60.53
106.75	59	253	59.59
106.75	59	252	59.53
107.00	59	253	59.06
106.75	59	253	59.50
106.75	59	252	59.53
106.50	60	253	60.00
106.75	59	253	59.56
106.75	59	252	59.53
106.75	59	253	59.53
106.50	60	251	60.00
107.00	59	253	59.09
106.75	59	253	59.50
106.75	59	252	59.53
106.50	60	253	60.00
106.75	59	253	59.56
106.75	59	252	59.53
106.75	59	253	59.53
106.75	59	253	59.53
106.75	59	252	59.53
106.25	60	253	60.47
106.75	59	253	59.59
106.75	59	252	59.53
107.00	59	252	59.06
106.75	59	252	59.50
107.00	59	253	59.06
106.75	59	253	59.50
107.00	59	252	59.06
106.50	59	253	59.97
106.50	60	253	60.03
107.25	58	252	58.62
106.75	59	253	59.47
106.75	59	253	59.53
106.75	59	252	59.53
106.50	60	253	60.00
106.75	59	253	59.56
106.75	59	251	59.53
106.50	60	253	60.00
106.75	59	253	59.56
106.75	59	252	59.53
107.00	59	253	59.06
107.00	59	252	59.03
106.75	59	253	59.50
107.00	59	253	59.06
106.50	59	252	59.97
107.00	59	253	59.09
106.25	60	253	60.44
106.75	59	252	59.59
107.00	59	252	59.06
107.25	58	253	58.56
106.50	59	252	59.94
107.00	59	253	59.09
107.00	59	253	59.03
106.50	59	252	59.97
105.75	61	253	61.44
107.25	58	253	58.71
107.00	59	252	59.00
106.75	59	253	59.50
106.75	59	253	59.53
107.00	59	252	59.06
107.00	59	252	59.03
107.00	59	252	59.03
106.50	59	253	59.97
107.00	59	253	59.09
107.00	59	252	59.03
107.00	59	253	59.03
105.50	61	253	61.85
107.00	59	252	59.21
107.25	58	253	58.56
107.25	58	253	58.53
106.75	59	252	59.47
107.25	58	253	58.59
107.00	59	252	59.00
107.25	58	252	58.56
107.00	59	253	59.00
107.25	58	252	58.56
107.00	59	253	59.00
106.75	59	253	59.50
107.25	58	252	58.59
107.00	59	253	59.00
107.25	58	253	58.56
106.75	59	252	59.47
107.50	58	253	58.12
107.00	58	253	58.97
107.00	59	252	59.03
106.75	59	252	59.50
107.00	59	253	59.06
107.25	58	252	58.56
107.25	58	253	58.53
107.25	58	253	58.53
107.50	58	252	58.06
106.75	59	253	59.44
107.50	58	252	58.12
107.50	58	253	58.03
107.50	58	253	58.03
107.25	58	252	58.50
106.75	59	253	59.47
107.00	59	253	59.06
107.00	59	251	59.03
107.25	58	253	58.56
107.50	58	253	58.06
106.50	59	252	59.91
106.75	59	253	59.56
107.25	58	253	58.59
107.25	58	252	58.53
107.25	58	253	58.53
106.25	60	253	60.41
107.25	58	252	58.65
107.00	59	253	59.00
107.25	58	252	58.56
107.25	58	252	58.53
107.25	58	253	58.53
107.00	59	252	59.00
107.50	58	253	58.09
107.00	58	253	58.97
107.25	58	252	58.56
107.00	59	253	59.00
106.75	59	253	59.50
107.50	58	252	58.12
107.25	58	253	58.50
107.25	58	253	58.53
106.75	59	252	59.47
107.50	58	252	58.12
107.25	58	253	58.50
107.00	59	252	59.00
107.25	58	253	58.56
107.50	58	252	58.06
107.50	58	253	58.03
107.75	57	253	57.56
107.25	58	252	58.47
107.25	58	253	58.53
107.25	58	253	58.53
107.50	58	252	58.06
107.50	58	253	58.03
107.50	58	253	58.03
107.50	58	251	58.03
107.25	58	253	58.50
107.50	58	252	58.06
107.50	58	253	58.03
107.50	58	253	58.03
107.50	58	252	58.03
107.25	58	253	58.50
107.25	58	253	58.53
107.00	59	252	59.00
107.50	58	253	58.09
107.25	58	253	58.50
107.50	58	252	58.06
107.75	57	252	57.56
108.00	57	253	57.06
107.00	58	252	58.91
107.75	57	253	57.62
107.50	58	252	58.00
107.75	57	253	57.56
107.25	58	253	58.47
107.75	57	252	57.59
107.75	57	253	57.53
107.25	58	253	58.47
107.25	58	252	58.53
107.25	58	253	58.53
107.50	58	253	58.06
107.75	57	251	57.56
107.00	58	253	58.94
106.75	59	253	59.50
107.50	58	252	58.12
107.75	57	253	57.56
107.00	58	253	58.94
107.50	58	252	58.09
107.75	57	253	57.56
107.75	57	253	57.53
107.50	58	252	58.00
107.75	57	253	57.56
107.50	58	253	58.00
107.50	58	251	58.03
107.75	57	253	57.56
107.75	57	252	57.53
108.00	57	253	57.06
107.75	57	253	57.50
107.75	57	252	57.53
108.00	57	253	57.06
108.00	57	253	57.03
108.00	57	252	57.03
107.50	57	253	57.97
108.00	57	253	57.09
108.00	57	252	57.03
107.75	57	253	57.50
107.00	58	251	58.94
107.75	57	253	57.62
107.75	57	253	57.53
107.75	57	252	57.53
107.75	57	253	57.53
107.75	57	253	57.53
108.00	57	252	57.06
107.75	57	253	57.50
108.00	57	253	57.06
108.25	56	252	56.56
108.00	57	253	57.00
108.00	57	253	57.03
108.00	57	251	57.03
107.50	57	253	57.97
107.50	58	252	58.03
108.00	57	253	57.09
107.75	57	253	57.50
107.75	57	252	57.53
107.50	58	253	58.00
107.75	57	253	57.56
107.50	58	252	58.00
108.00	57	253	57.09
107.50	57	253	57.97
108.00	57	252	57.09
107.75	57	252	57.50
108.00	57	252	57.06
107.50	57	253	57.97
108.00	57	253	57.09
107.25	58	252	58.44
107.00	59	253	59.00
108.00	57	253	57.15
108.00	57	252	57.03
108.25	56	253	56.56
108.00	57	253	57.00
108.00	57	252	57.03
108.00	57	253	57.03
108.00	57	253	57.03
108.25	56	251	56.56
107.25	58	253	58.41
108.00	57	252	57.12
107.50	57	253	57.97
108.00	57	253	57.09
108.25	56	252	56.56
107.75	57	253	57.47
108.25	56	253	56.59
108.00	57	252	57.00
107.75	57	253	57.50
107.50	58	253	58.00
108.25	56	252	56.62
108.50	56	252	56.06
107.75	57	253	57.44
107.25	58	252	58.47
108.25	56	253	56.65
108.25	56	253	56.53
108.25	56	252	56.53
107.25	58	253	58.41
108.00	57	253	57.12
108.25	56	252	56.56
108.25	56	253	56.53
108.25	56	253	56.53
108.25	56	252	56.53
108.00	57	253	57.00
107.50	57	251	57.97
107.50	58	253	58.03
108.25	56	253	56.62
108.25	56	252	56.53
108.25	56	253	56.53
107.75	57	253	57.47
108.25	56	252	56.59
108.25	56	253	56.53
108.25	56	253	56.53
107.75	57	252	57.47
108.25	56	253	56.59
108.00	57	253	57.00
108.25	56	251	56.56
107.50	57	253	57.94
108.25	56	252	56.62
108.25	56	253	56.53
108.50	56	253	56.06
107.00	58	252	58.85
108.25	56	253	56.68
108.25	56	253	56.53
108.25	56	252	56.53
108.00	57	253	57.00
108.25	56	253	56.56
108.00	57	252	57.00
108.50	56	252	56.09
108.00	56	253	56.97
108.00	57	252	57.03
108.00	57	253	57.03
108.25	56	252	56.56
108.25	56	253	56.53
108.50	56	253	56.06
107.75	57	252	57.44
108.00	57	253	57.06
108.50	56	253	56.09
108.50	56	252	56.03
108.25	56	253	56.50
108.25	56	253	56.53
108.50	56	251	56.06
108.50	56	253	56.03
108.50	56	253	56.03
108.50	56	252	56.03
108.50	56	253	56.03
108.00	56	252	56.97
108.50	56	253	56.09
108.00	56	253	56.97
107.75	57	252	57.50
109.00	55	253	55.18
108.50	55	253	55.97
108.50	56	252	56.03
108.50	56	252	56.03
108.25	56	252	56.50
108.75	55	253	55.59
108.75	55	253	55.53
105.00	62	252	62.59
108.50	56	253	56.45
108.25	56	253	56.50
108.50	56	252	56.06
107.00	58	253	58.85
108.50	56	253	56.21
108.50	56	252	56.03
108.50	56	253	56.03
108.50	56	253	56.03
108.75	55	251	55.56
108.75	55	253	55.53
108.75	55	252	55.53
108.75	55	253	55.53
108.50	56	253	56.00
108.50	56	252	56.03
108.75	55	253	55.56
108.75	55	253	55.53
108.75	55	252	55.53
108.50	56	253	56.00
108.75	55	253	55.56
108.75	55	252	55.53
108.75	55	252	55.53
108.50	56	252	56.00
108.75	55	253	55.56
108.50	56	253	56.00
108.75	55	252	55.56
108.75	55	253	55.53
108.75	55	253	55.53
109.25	54	252	54.59
108.75	55	253	55.47
108.75	55	253	55.53
108.25	56	252	56.47
108.25	56	253	56.53
108.75	55	253	55.59
108.75	55	251	55.53
108.25	56	253	56.47
108.50	56	252	56.06
108.75	55	253	55.56
109.00	55	253	55.06
107.50	57	252	57.85
108.50	56	253	56.15
108.75	55	253	55.56
109.00	55	252	55.06
107.50	57	253	57.85
108.50	56	253	56.15
108.25	56	252	56.50
108.75	55	252	55.59
107.75	57	253	57.41
109.00	55	252	55.18
108.75	55	253	55.50
108.50	56	253	56.00
107.75	57	252	57.44
108.75	55	253	55.65
108.75	55	253	55.53
108.75	55	252	55.53
108.50	56	253	56.00
109.00	55	253	55.09
108.75	55	252	55.50
108.75	55	252	55.53
108.50	56	252	56.00
108.75	55	253	55.56
108.75	55	253	55.53
108.50	56	252	56.00
108.25	56	253	56.50
109.00	55	253	55.12
108.75	55	252	55.50
109.00	55	253	55.06
108.50	55	253	55.97
108.75	55	252	55.56
108.25	56	253	56.47
109.00	55	253	55.12
108.75	55	251	55.50
109.00	55	253	55.06
108.50	55	253	55.97
109.00	55	252	55.09
109.00	55	253	55.03
109.00	55	253	55.03
109.00	55	252	55.03
109.00	55	253	55.03
109.00	55	252	55.03
109.00	55	253	55.03
109.00	55	253	55.03
109.00	55	252	55.03
107.75	57	252	57.38
109.00	55	252	55.18
109.00	55	253	55.03
108.50	55	253	55.97
108.50	56	252	56.03
108.75	55	253	55.56
108.75	55	253	55.53
109.00	55	252	55.06
109.00	55	253	55.03
109.25	54	253	54.56
109.00	55	252	55.00
109.00	55	253	55.03
109.00	55	251	55.03
108.75	55	253	55.50
108.75	55	253	55.53
109.00	55	252	55.06
109.00	55	253	55.03
109.00	55	253	55.03
109.00	55	252	55.03
108.75	55	253	55.50
109.25	54	252	54.59
109.00	55	253	55.00
109.00	55	253	55.03
108.75	55	252	55.50
108.75	55	253	55.53
109.00	55	252	55.06
108.75	55	252	55.50
109.00	55	253	55.06
108.75	55	253	55.50
108.50	56	252	56.00
109.00	55	253	55.09
108.75	55	253	55.50
109.00	55	252	55.06
109.00	55	253	55.03
109.50	54	252	54.09
109.00	54	253	54.97
109.25	54	253	54.56
109.00	55	251	55.00
109.00	55	253	55.03
109.25	54	253	54.56
107.75	57	252	57.35
109.25	54	253	54.71
109.25	54	253	54.53
108.75	55	252	55.47
109.00	55	253	55.06
109.25	54	253	54.56
109.25	54	252	54.53
109.00	55	253	55.00
109.00	55	253	55.03
109.00	55	252	55.03
109.00	55	252	55.03
109.00	55	252	55.03
109.25	54	253	54.56
109.50	54	253	54.06
109.25	54	252	54.50
109.00	55	253	55.00
109.25	54	253	54.56
109.25	54	252	54.53
109.50	54	253	54.06
108.00	56	253	56.85
109.25	54	252	54.68
109.00	55	253	55.00
109.00	55	251	55.03
108.00	56	253	56.91
108.75	55	253	55.62
109.25	54	252	54.59
109.25	54	253	54.53
108.50	55	253	55.94
109.25	54	252	54.62
109.00	55	253	55.00
109.50	54	253	54.09
108.25	56	252	56.38
109.50	54	253	54.18
109.00	54	253	54.97
109.25	54	251	54.56
108.50	55	253	55.94
109.25	54	253	54.62
109.25	54	252	54.53
109.25	54	253	54.53
108.50	55	252	55.94
109.00	55	253	55.09
109.25	54	253	54.56
109.25	54	252	54.53
109.00	55	253	55.00
109.25	54	253	54.56
109.25	54	252	54.53
109.00	55	253	55.00
109.25	54	252	54.56
109.25	54	252	54.53
109.25	54	253	54.53
109.50	54	253	54.06
109.25	54	252	54.50
109.25	54	253	54.53
108.25	56	253	56.41
108.00	57	252	57.00
109.50	54	253	54.21
109.00	54	252	54.97
109.25	54	253	54.56
109.25	54	253	54.53
109.50	54	251	54.06
109.25	54	253	54.50
109.25	54	253	54.53
109.50	54	252	54.06
109.50	54	253	54.03
109.50	54	253	54.03
109.25	54	252	54.50
109.50	54	253	54.06
109.50	54	253	54.03
109.25	54	252	54.50
109.50	54	253	54.06
108.75	55	252	55.44
109.25	54	253	54.59
109.75	53	252	53.59
109.25	54	252	54.47
109.25	54	253	54.53
109.00	55	253	55.00
109.50	54	252	54.09
109.50	54	253	54.03
109.25	54	253	54.50
108.25	56	252	56.41
109.50	54	253	54.18
109.00	54	253	54.97
109.00	55	252	55.03
109.75	53	253	53.62
109.50	54	251	54.00
109.25	54	253	54.50
109.50	54	253	54.06
109.75	53	252	53.56
109.50	54	253	54.00
109.50	54	253	54.03
108.75	55	252	55.44
109.50	54	253	54.12
109.50	54	253	54.03
110.00	53	252	53.09
109.50	53	253	53.97
109.25	54	253	54.50
109.75	53	252	53.59
109.50	54	252	54.00
109.50	54	253	54.03
109.25	54	252	54.50
109.25	54	253	54.53
109.75	53	252	53.59
109.00	54	253	54.94
110.00	53	253	53.15
109.50	53	252	53.97
109.25	54	253	54.50
109.25	54	253	54.53
109.75	53	252	53.59
109.75	53	253	53.53
109.50	54	252	54.00
108.75	55	252	55.44
109.75	53	253	53.65
109.50	54	253	54.00
109.50	54	252	54.03
109.50	54	253	54.03
109.50	54	253	54.03
109.75	53	252	53.56
109.75	53	253	53.53
108.75	55	252	55.41
109.50	54	253	54.12
109.50	54	253	54.03
109.50	54	251	54.03
108.75	55	253	55.44
109.50	54	253	54.12
109.50	54	252	54.03
109.50	54	253	54.03
108.25	56	252	56.38
109.25	54	253	54.65
109.50	54	253	54.06
109.50	54	252	54.03
109.25	54	253	54.50
109.75	53	253	53.59
109.75	53	252	53.53
109.75	53	253	53.53
109.25	54	252	54.47
109.75	53	252	53.59
109.75	53	253	53.53
109.25	54	253	54.47
109.50	54	252	54.06
109.75	53	253	53.56
109.75	53	253	53.53
109.75	53	252	53.53
109.50	54	253	54.00
109.50	54	252	54.03
109.75	53	253	53.56
109.25	54	253	54.47
109.75	53	251	53.59
110.00	53	253	53.06
109.75	53	253	53.50
110.00	53	252	53.06
109.25	54	253	54.44
109.50	54	253	54.06
110.00	53	252	53.09
110.00	53	253	53.03
109.50	53	253	53.97
109.75	53	252	53.56
109.75	53	253	53.53
109.75	53	253	53.53
108.25	56	252	56.35
110.00	53	252	53.24
109.75	53	252	53.50
109.75	53	253	53.53
109.75	53	253	53.53
109.50	54	252	54.00
109.75	53	253	53.56
109.50	54	253	54.00
109.50	54	252	54.03
110.00	53	253	53.09
110.00	53	253	53.03
109.25	54	252	54.44
109.75	53	253	53.59
110.00	53	252	53.06
110.00	53	252	53.03
109.75	53	253	53.50
110.00	53	252	53.06
109.50	53	253	53.97
110.00	53	253	53.09
109.75	53	252	53.50
109.75	53	253	53.53
110.00	53	253	53.06
110.00	53	252	53.03
109.50	53	253	53.97
109.50	54	253	54.03
109.50	54	251	54.03
110.00	53	253	53.09
110.00	53	252	53.03
110.00	53	253	53.03
110.00	53	253	53.03
109.50	53	252	53.97
110.00	53	253	53.09
110.00	53	253	53.03
109.75	53	252	53.50
109.75	53	253	53.53
110.00	53	253	53.06
110.00	53	252	53.03
109.75	53	253	53.50
110.00	53	251	53.06
110.25	52	253	52.56
109.00	54	253	54.88
110.00	53	252	53.15
110.25	52	253	52.56
110.00	53	253	53.00
109.75	53	252	53.50
110.00	53	253	53.06
110.25	52	253	52.56
110.00	53	252	53.00
110.00	53	253	53.03
110.25	52	253	52.56
110.00	53	251	53.00
109.75	53	253	53.50
110.00	53	253	53.06
110.00	53	252	53.03
110.00	53	253	53.03
109.75	53	252	53.50
110.25	52	253	52.59
110.00	53	253	53.00
110.00	53	252	53.03
109.75	53	253	53.50
109.75	53	253	53.53
109.50	54	252	54.00
110.25	52	253	52.62
110.25	52	252	52.53
110.50	52	252	52.06
110.25	52	253	52.50
110.25	52	252	52.53
110.25	52	253	52.53
110.50	52	253	52.06
110.00	52	252	52.97
110.00	53	253	53.03
110.00	53	253	53.03
110.25	52	252	52.56
109.75	53	253	53.47
110.25	52	253	52.59
109.75	53	251	53.47
110.25	52	253	52.59
110.25	52	253	52.53
110.25	52	252	52.53
109.25	54	253	54.41
110.25	52	252	52.65
110.00	53	253	53.00
110.25	52	253	52.56
109.75	53	252	53.47
110.25	52	253	52.59
109.75	53	253	53.47
110.25	52	252	52.59
110.00	53	253	53.00
110.25	52	252	52.56
110.25	52	252	52.53
110.25	52	253	52.53
110.00	53	253	53.00
109.25	54	252	54.44
110.00	53	253	53.12
110.00	53	253	53.03
109.75	53	252	53.50
110.00	53	253	53.06
109.50	53	252	53.97
110.25	52	253	52.62
110.50	52	253	52.06
110.25	52	251	52.50
110.00	53	253	53.00
110.25	52	253	52.56
110.25	52	252	52.53
110.25	52	253	52.53
110.25	52	253	52.53
110.50	52	252	52.06
110.00	52	253	52.97
110.25	52	253	52.56
110.25	52	252	52.53
110.25	52	253	52.53
110.25	52	252	52.53
110.00	53	252	53.00
110.25	52	253	52.56
110.25	52	252	52.53
110.25	52	253	52.53
110.00	53	253	53.00
110.25	52	252	52.56
109.75	53	253	53.47
109.00	54	253	54.94
110.00	53	252	53.15
110.25	52	253	52.56
110.75	51	253	51.59
109.75	53	252	53.41
109.75	53	253	53.53
110.25	52	252	52.59
110.25	52	252	52.53
109.75	53	253	53.47
110.25	52	252	52.59
110.50	52	253	52.06
110.50	52	253	52.03
110.25	52	252	52.50
110.25	52	253	52.53
110.50	52	253	52.06
110.25	52	252	52.50
110.25	52	253	52.53
110.00	53	253	53.00
110.00	53	251	53.03
110.00	53	253	53.03
108.75	55	253	55.38
109.75	53	252	53.65
110.00	53	253	53.06
110.00	53	252	53.03
110.50	52	253	52.09
110.25	52	253	52.50
110.25	52	252	52.53
110.00	53	253	53.00
110.50	52	253	52.09
110.00	52	252	52.97
110.50	52	253	52.09
110.00	52	252	52.97
110.50	52	252	52.09
110.25	52	253	52.50
110.25	52	253	52.53
109.75	53	252	53.47
109.25	54	253	54.47
109.50	54	253	54.06
107.50	57	252	57.79
106.75	59	253	59.44
107.75	57	253	57.65
107.50	58	252	58.00
107.00	58	253	58.97
107.00	59	251	59.03
110.50	52	253	52.45
111.25	50	253	50.62
111.50	50	252	50.06
110.75	51	253	51.44
110.75	51	253	51.53
111.25	50	252	50.59
111.00	51	253	51.00
110.50	51	253	51.97
111.00	51	252	51.09
111.00	51	253	51.03
111.25	50	253	50.56
111.25	50	251	50.53
110.75	51	253	51.47
111.25	50	252	50.59
110.50	51	253	51.94
111.25	50	253	50.62
111.50	50	252	50.06
110.75	51	253	51.44
110.75	51	253	51.53
111.50	50	252	50.12
111.50	50	253	50.03
111.50	50	253	50.03
111.50	50	252	50.03
