103.50	165	1000	165.08
103.00	167	253	167.43
103.00	167	253	167.58
103.25	166	253	166.40
103.25	166	252	166.33
103.50	165	253	165.15
103.75	163	252	163.91
104.00	162	253	162.65
104.50	160	252	160.23
104.00	162	253	162.43
104.00	162	253	162.58
104.50	160	253	160.23
102.00	171	252	171.84
104.50	160	253	160.82
103.50	164	253	164.78
104.25	161	253	161.55
104.75	158	253	158.98
104.75	158	252	158.83
104.25	161	253	161.18
105.00	157	252	157.80
105.00	157	253	157.58
105.00	157	252	157.58
104.00	162	253	162.28
105.00	157	253	157.88
105.25	156	253	156.40
105.00	157	252	157.51
104.50	159	253	159.93
105.50	155	253	155.38
105.00	157	253	157.43
105.50	155	252	155.23
105.00	157	253	157.43
105.50	155	253	155.23
106.00	152	252	152.73
105.75	153	252	153.76
105.50	155	253	155.01
106.00	152	253	152.73
106.25	151	253	151.40
106.25	151	253	151.33
105.75	153	252	153.68
107.25	146	253	146.78
107.50	145	253	145.15
107.50	145	253	145.08
107.25	146	252	146.26
107.25	146	253	146.33
107.50	145	253	145.15
108.00	142	252	142.73
107.25	146	252	146.11
106.50	149	253	149.86
108.00	143	253	143.03
108.00	142	253	142.58
107.25	146	253	146.11
107.50	145	252	145.16
106.50	149	253	149.78
108.25	141	253	141.85
108.25	141	253	141.33
107.75	143	252	143.68
108.75	139	253	139.13
108.00	142	253	142.36
107.75	143	252	143.76
107.50	145	252	145.01
108.25	141	253	141.55
108.75	138	253	138.98
108.75	138	253	138.83
108.50	140	253	140.01
109.25	136	252	136.55
109.25	136	253	136.33
109.25	136	253	136.33
108.75	138	253	138.68
109.00	137	252	137.66
109.25	136	253	136.40
109.75	133	253	133.98
109.25	136	252	136.18
109.75	133	252	133.98
109.50	135	253	135.01
109.75	133	253	133.90
109.50	135	253	135.01
110.25	131	252	131.55
110.00	132	253	132.51
110.00	132	253	132.58
110.25	131	253	131.40
110.25	131	253	131.33
109.75	133	252	133.68
110.75	129	253	129.13
110.50	130	253	130.01
110.25	131	252	131.26
111.25	126	252	126.63
111.00	127	253	127.51
110.75	128	253	128.76
111.00	127	253	127.65
111.00	127	252	127.58
111.00	127	253	127.58
111.00	127	253	127.58
111.00	127	253	127.58
111.50	125	252	125.23
111.75	123	253	123.90
111.50	125	253	125.01
111.75	123	253	123.90
111.75	123	251	123.83
112.00	122	253	122.65
111.50	124	253	124.93
112.00	122	253	122.73
111.75	123	253	123.76
112.00	122	252	122.66
112.25	121	253	121.40
112.25	121	253	121.33
112.00	122	253	122.51
112.50	120	252	120.23
112.25	121	253	121.26
112.75	118	253	118.98
112.50	120	253	120.01
113.00	117	251	117.73
112.75	118	253	118.76
112.50	120	253	120.01
112.50	120	253	120.08
112.75	118	253	118.90
113.00	117	252	117.66
113.25	116	253	116.40
112.50	119	253	119.86
113.00	117	253	117.73
113.50	115	252	115.23
113.25	116	253	116.26
113.00	117	253	117.51
113.25	116	252	116.41
113.25	116	252	116.33
113.50	115	253	115.15
112.75	118	253	118.61
113.50	115	253	115.30
114.00	112	253	112.73
113.75	113	252	113.76
113.75	113	253	113.83
113.75	113	253	113.83
111.50	124	253	124.41
114.00	113	252	113.32
114.25	111	253	111.40
114.75	108	253	108.98
114.25	111	252	111.18
114.25	111	252	111.33
114.50	110	253	110.15
114.75	108	253	108.90
114.75	108	253	108.83
115.00	107	252	107.66
114.50	109	253	109.93
115.00	107	253	107.73
115.25	106	253	106.40
114.50	109	253	109.86
114.75	108	252	108.91
115.00	107	253	107.65
115.00	107	253	107.58
115.25	106	252	106.41
115.50	105	252	105.16
115.25	106	253	106.26
115.75	103	253	103.98
115.75	103	253	103.83
115.50	105	252	105.01
115.50	105	253	105.08
116.00	102	253	102.73
115.75	103	253	103.76
116.25	101	253	101.48
115.25	106	252	106.03
116.00	102	253	102.80
116.00	102	253	102.58
116.50	100	252	100.23
116.00	102	252	102.43
116.75	99	253	99.05
116.00	102	253	102.36
117.00	97	253	97.88
116.25	101	252	101.11
117.00	97	253	97.80
116.75	98	253	98.76
117.00	97	252	97.66
117.00	97	253	97.58
117.50	95	253	95.23
116.75	98	252	98.61
117.00	97	253	97.65
116.75	98	252	98.76
117.50	95	252	95.30
117.25	96	253	96.26
117.50	95	253	95.15
117.25	96	252	96.26
117.25	96	253	96.33
117.25	96	252	96.33
117.75	93	253	93.98
116.25	100	253	100.89
117.75	94	253	94.28
117.75	93	252	93.83
118.25	91	253	91.48
117.75	93	252	93.68
117.75	93	252	93.83
118.00	92	253	92.65
117.50	94	252	94.93
117.50	95	253	95.08
117.50	95	253	95.08
117.25	96	252	96.26
117.75	93	253	93.98
117.00	97	253	97.36
117.75	94	252	94.05
118.00	92	253	92.65
117.75	93	253	93.76
118.25	91	251	91.48
117.25	96	253	96.03
117.75	93	253	93.98
118.50	90	252	90.30
117.75	93	253	93.61
118.25	91	253	91.48
118.25	91	252	91.33
118.00	92	253	92.51
118.50	90	253	90.23
118.50	90	252	90.08
118.25	91	253	91.26
118.75	88	253	88.98
117.75	93	252	93.53
118.75	89	252	89.13
118.50	90	253	90.01
118.75	88	252	88.91
118.75	88	253	88.83
119.00	87	253	87.65
118.25	91	252	91.11
119.25	86	253	86.63
119.25	86	253	86.33
119.25	86	252	86.33
119.00	87	253	87.51
119.50	85	253	85.23
119.50	85	252	85.08
119.00	87	253	87.43
118.75	88	252	88.76
119.50	85	252	85.30
119.75	83	253	83.90
119.75	83	253	83.83
119.75	83	252	83.83
119.75	83	253	83.83
120.00	82	252	82.66
120.00	82	253	82.58
120.00	82	253	82.58
120.00	82	252	82.58
120.25	76	253	76.30
119.75	83	253	83.68
119.75	83	251	83.83
120.50	70	253	70.10
119.75	78	253	78.51
120.25	71	252	71.30
120.25	66	253	66.05
120.50	54	253	54.67
120.00	56	252	56.95
120.25	50	253	50.82
120.50	39	253	39.37
120.75	22	252	22.88
120.50	13	253	13.78
120.75	0	253	-2.63
121.00	0	251	-4.93
121.00	0	253	-5.00
120.00	0	252	-0.30
121.00	0	253	-4.70
121.00	0	252	-5.00
121.25	0	253	-6.18
121.25	0	252	-6.25
121.00	0	253	-5.07
121.25	0	252	-6.18
121.00	0	253	-5.07
121.50	0	252	-7.35
121.50	0	253	-7.50
122.00	0	251	-9.85
121.25	0	253	-6.47
121.50	0	252	-7.43
121.75	0	253	-8.68
121.75	0	253	-8.75
121.50	0	252	-7.57
122.00	0	253	-9.85
121.75	0	252	-8.82
122.00	0	253	-9.93
121.75	0	252	-8.82
122.00	0	253	-9.93
122.00	0	252	-10.00
122.00	0	252	-10.00
122.00	0	252	-10.00
122.25	0	253	-11.18
122.25	0	252	-11.25
122.50	0	253	-12.43
122.25	0	253	-11.32
122.50	0	252	-12.43
122.50	0	253	-12.50
122.50	0	252	-12.50
122.50	0	253	-12.50
122.50	0	252	-12.50
122.75	0	253	-13.68
122.75	0	251	-13.75
122.75	0	253	-13.75
122.75	0	253	-13.75
122.75	0	252	-13.75
122.50	0	253	-12.57
122.75	0	252	-13.68
123.00	0	253	-14.93
123.00	0	252	-15.00
122.75	0	253	-13.82
123.25	0	252	-16.10
123.00	0	253	-15.07
123.00	0	253	-15.00
123.25	0	252	-16.18
123.25	0	252	-16.25
123.25	0	252	-16.25
123.25	0	253	-16.25
123.25	0	252	-16.25
123.50	0	253	-17.43
123.50	0	253	-17.50
123.50	0	252	-17.50
123.50	0	253	-17.50
123.50	0	252	-17.50
123.75	0	253	-18.68
123.75	0	252	-18.75
124.00	0	253	-19.93
123.75	0	251	-18.82
123.75	0	253	-18.75
124.00	0	253	-19.93
124.00	0	252	-20.00
123.50	0	253	-17.65
123.75	0	252	-18.68
123.50	0	253	-17.57
124.25	0	252	-21.03
124.00	0	253	-20.07
124.25	0	253	-21.18
124.25	0	252	-21.25
123.75	0	253	-18.90
123.75	0	251	-18.75
124.50	0	253	-22.28
124.25	0	252	-21.32
124.25	0	253	-21.25
124.50	0	253	-22.43
124.50	0	252	-22.50
124.50	0	253	-22.50
124.50	0	252	-22.50
123.00	0	253	-15.44
124.50	0	252	-22.05
124.50	0	253	-22.50
124.50	0	253	-22.50
124.75	0	251	-23.68
124.75	0	253	-23.75
124.50	0	252	-22.57
124.75	0	253	-23.68
124.75	0	252	-23.75
124.75	0	253	-23.75
124.75	0	252	-23.75
124.75	0	253	-23.75
124.75	0	253	-23.75
125.00	0	252	-24.93
125.00	0	253	-25.00
125.00	0	252	-25.00
125.00	0	252	-25.00
125.00	0	252	-25.00
125.25	0	253	-26.18
125.25	0	252	-26.25
125.00	0	253	-25.07
125.25	0	253	-26.18
125.00	0	252	-25.07
125.25	0	253	-26.18
125.00	0	252	-25.07
125.50	0	253	-27.35
125.25	0	252	-26.32
125.25	0	253	-26.25
125.50	0	252	-27.43
125.25	0	252	-26.32
125.25	0	253	-26.25
125.50	0	252	-27.43
125.50	0	253	-27.50
125.00	0	252	-25.15
125.50	0	253	-27.35
125.75	0	253	-28.68
125.75	0	252	-28.75
125.50	0	253	-27.57
125.50	0	252	-27.50
125.50	0	253	-27.50
124.25	0	251	-21.62
125.50	0	253	-27.13
126.00	0	253	-29.85
125.25	0	252	-26.47
125.75	0	253	-28.60
125.50	0	252	-27.57
125.75	0	253	-28.68
125.50	0	252	-27.57
125.75	0	253	-28.68
125.50	0	253	-27.57
126.00	0	252	-29.85
125.50	0	253	-27.65
126.00	0	251	-29.85
125.75	0	253	-28.82
125.75	0	253	-28.75
125.50	0	252	-27.57
125.75	0	253	-28.68
125.00	0	252	-25.22
125.00	0	253	-25.00
123.75	0	252	-19.12
123.50	0	253	-17.57
125.00	0	253	-24.56
125.00	0	252	-25.00
125.00	0	253	-25.00
125.00	0	252	-25.00
125.25	0	252	-26.18
125.50	0	252	-27.43
125.00	0	253	-25.15
125.25	0	252	-26.18
125.00	0	253	-25.07
125.50	0	253	-27.35
125.00	0	252	-25.15
125.25	0	253	-26.18
125.25	0	252	-26.25
125.25	0	253	-26.25
124.25	0	253	-21.55
123.75	0	252	-18.90
125.00	0	252	-24.63
124.75	0	252	-23.82
124.75	0	253	-23.75
125.00	0	252	-24.93
123.00	0	253	-15.59
122.00	0	253	-10.30
123.50	0	252	-17.05
124.00	0	253	-19.85
123.00	0	252	-15.30
123.25	0	253	-16.18
122.50	0	252	-12.72
124.00	0	253	-19.56
124.00	0	252	-20.00
125.75	0	252	-28.23
126.00	0	253	-29.93
126.25	0	252	-31.18
126.00	0	253	-30.07
126.25	0	253	-31.18
126.00	0	252	-30.07
125.50	0	253	-27.65
126.25	0	252	-31.03
126.25	0	253	-31.25
126.25	0	252	-31.25
126.00	0	253	-30.07
126.00	0	252	-30.00
125.00	0	252	-25.30
125.50	0	253	-27.35
125.50	0	252	-27.50
125.75	0	253	-28.68
126.00	0	252	-29.93
126.00	0	253	-30.00
126.25	0	252	-31.18
126.25	0	253	-31.25
126.00	0	253	-30.07
126.50	0	252	-32.35
126.50	0	253	-32.50
126.00	0	251	-30.15
126.00	0	253	-30.00
126.00	0	252	-30.00
125.75	0	253	-28.82
126.25	0	252	-31.10
126.00	0	253	-30.07
123.75	0	253	-19.42
125.75	0	252	-28.15
126.50	0	253	-32.28
126.50	0	252	-32.50
126.50	0	253	-32.50
126.50	0	252	-32.50
125.75	0	252	-28.97
126.00	0	253	-29.93
126.00	0	252	-30.00
126.00	0	253	-30.00
123.00	0	252	-15.89
123.50	0	253	-17.35
123.25	0	252	-16.32
126.00	0	253	-29.18
125.25	0	253	-26.47
126.25	0	252	-30.95
126.25	0	253	-31.25
126.25	0	252	-31.25
126.25	0	253	-31.25
126.00	0	251	-30.07
125.75	0	253	-28.82
126.25	0	253	-31.10
125.50	0	252	-27.72
126.50	0	253	-32.20
126.00	0	252	-30.15
125.50	0	253	-27.65
125.00	0	252	-25.15
126.00	0	253	-29.70
122.50	0	253	-13.54
124.75	0	252	-23.08
125.75	0	253	-28.45
125.75	0	251	-28.75
126.00	0	253	-29.93
125.00	0	252	-25.30
122.75	0	253	-14.42
123.75	0	253	-18.45
125.50	0	252	-26.98
125.75	0	253	-28.68
125.75	0	252	-28.75
125.75	0	253	-28.75
126.50	0	253	-32.28
126.25	0	252	-31.32
126.25	0	253	-31.25
125.00	0	251	-25.37
126.00	0	253	-29.70
126.25	0	252	-31.18
125.25	0	253	-26.55
125.75	0	253	-28.60
125.25	0	252	-26.40
126.00	0	253	-29.78
125.25	0	252	-26.47
125.50	0	253	-27.43
125.75	0	252	-28.68
126.50	0	253	-32.28
125.50	0	253	-27.80
125.75	0	251	-28.68
125.00	0	253	-25.22
125.50	0	252	-27.35
125.75	0	253	-28.68
125.50	0	253	-27.57
124.75	0	252	-23.97
126.00	0	253	-29.63
125.25	0	252	-26.47
125.75	0	253	-28.60
125.25	0	252	-26.40
124.75	0	253	-23.90
125.50	0	253	-27.28
125.50	0	251	-27.50
125.75	0	253	-28.68
125.50	0	252	-27.57
125.75	0	253	-28.68
124.75	0	253	-24.05
123.00	0	252	-15.52
122.75	0	253	-13.82
125.75	0	252	-27.86
125.75	0	253	-28.75
125.50	0	252	-27.57
126.50	0	253	-32.20
126.50	0	253	-32.50
124.00	0	251	-20.75
126.00	0	253	-29.41
126.00	0	252	-30.00
125.75	0	253	-28.82
126.25	0	252	-31.10
126.00	0	253	-30.07
123.50	0	253	-18.24
122.50	0	252	-12.80
125.00	0	253	-24.26
122.50	0	252	-13.24
125.50	0	253	-26.61
125.00	0	252	-25.15
125.75	0	253	-28.53
125.25	0	252	-26.40
125.75	0	252	-28.60
125.25	0	253	-26.40
125.00	0	252	-25.07
125.50	0	253	-27.35
124.50	0	252	-22.80
125.00	0	253	-24.85
125.50	0	253	-27.35
125.25	0	252	-26.32
125.25	0	253	-26.25
125.50	0	252	-27.43
124.75	0	253	-23.97
125.50	0	252	-27.28
125.00	0	252	-25.15
125.25	0	253	-26.18
125.00	0	252	-25.07
124.50	0	253	-22.65
125.00	0	252	-24.85
124.75	0	253	-23.82
124.50	0	253	-22.57
125.25	0	252	-26.03
124.75	0	253	-23.90
124.50	0	252	-22.57
124.75	0	253	-23.68
124.75	0	252	-23.75
124.75	0	252	-23.75
123.75	0	253	-19.05
122.75	0	252	-14.05
123.50	0	253	-17.28
125.00	0	252	-24.55
124.00	0	253	-20.30
124.75	0	253	-23.53
124.75	0	252	-23.75
124.75	0	253	-23.75
124.25	0	252	-21.40
124.00	0	253	-20.07
124.75	0	251	-23.53
125.00	0	253	-24.93
124.00	0	253	-20.30
124.50	0	252	-22.35
123.25	0	253	-16.62
125.00	0	252	-24.48
124.75	0	253	-23.82
124.75	0	252	-23.75
122.50	0	253	-13.17
124.25	0	253	-20.73
122.75	0	252	-14.20
120.50	0	253	-3.17
122.50	0	251	-11.90
124.25	0	253	-20.73
124.25	0	252	-21.25
124.25	0	253	-21.25
124.50	0	253	-22.43
124.00	0	252	-20.15
124.25	0	253	-21.18
124.00	0	252	-20.07
121.75	0	253	-9.42
122.00	0	252	-9.93
121.75	0	253	-8.82
123.50	0	252	-16.98
124.25	0	252	-21.03
124.25	0	253	-21.25
123.00	0	252	-15.37
124.25	0	253	-20.88
124.25	0	252	-21.25
125.25	0	253	-25.95
124.50	0	252	-22.72
125.00	0	253	-24.85
124.25	0	253	-21.47
124.75	0	252	-23.60
124.50	0	253	-22.57
124.00	0	252	-20.15
125.25	0	253	-25.88
124.75	0	252	-23.90
124.75	0	252	-23.75
124.50	0	253	-22.57
125.00	0	252	-24.85
124.50	0	253	-22.65
125.00	0	252	-24.85
125.00	0	253	-25.00
125.00	0	253	-25.00
125.00	0	252	-25.00
124.75	0	253	-23.82
124.75	0	252	-23.75
124.75	0	253	-23.75
124.50	0	251	-22.57
124.75	0	253	-23.68
124.75	0	252	-23.75
124.50	0	253	-22.57
124.50	0	253	-22.50
124.75	0	252	-23.68
124.25	0	253	-21.40
124.50	0	252	-22.43
124.25	0	253	-21.32
124.50	0	252	-22.43
124.25	0	253	-21.32
124.25	0	253	-21.25
124.25	0	251	-21.25
124.50	0	253	-22.43
124.00	0	252	-20.15
124.00	0	253	-20.00
124.25	0	252	-21.18
124.50	0	253	-22.43
123.75	0	253	-18.97
123.75	0	252	-18.75
123.75	0	253	-18.75
121.25	0	252	-6.99
123.25	0	253	-15.66
123.50	0	252	-17.43
123.75	0	252	-18.68
123.75	0	253	-18.75
123.75	0	252	-18.75
124.00	0	253	-19.93
123.50	0	252	-17.65
124.00	0	253	-19.85
124.00	0	252	-20.00
123.75	0	253	-18.82
122.00	0	253	-10.52
123.00	0	252	-14.70
123.50	0	253	-17.35
123.75	0	252	-18.68
123.00	0	252	-15.22
123.00	0	252	-15.00
122.50	0	253	-12.65
123.50	0	253	-17.20
123.50	0	252	-17.50
122.25	0	253	-11.62
121.25	0	252	-6.55
122.25	0	253	-10.95
122.00	0	252	-10.07
122.75	0	253	-13.53
122.50	0	253	-12.57
122.75	0	252	-13.68
122.50	0	252	-12.57
121.50	0	252	-7.80
121.50	0	253	-7.50
122.50	0	252	-12.20
121.75	0	253	-8.97
122.50	0	252	-12.28
122.25	0	253	-11.32
122.75	0	253	-13.60
122.25	0	252	-11.40
122.75	0	253	-13.60
121.75	0	252	-9.05
121.75	0	253	-8.75
122.50	0	251	-12.28
121.25	0	253	-6.62
122.00	0	253	-9.78
122.75	0	252	-13.53
122.00	0	253	-10.22
121.75	0	252	-8.82
122.00	0	253	-9.93
122.00	0	252	-10.00
122.50	0	253	-12.35
121.75	0	252	-8.97
122.25	0	253	-11.10
122.00	0	253	-10.07
121.50	0	252	-7.65
122.00	0	252	-9.85
122.00	0	252	-10.00
122.25	0	253	-11.18
121.75	0	252	-8.90
122.00	0	253	-9.93
122.00	0	252	-10.00
122.25	0	253	-11.18
121.25	0	252	-6.55
121.75	0	253	-8.60
122.00	0	253	-9.93
121.75	0	252	-8.82
120.50	0	253	-2.87
121.25	0	251	-6.03
121.50	0	253	-7.43
121.25	0	252	-6.32
120.50	0	253	-2.72
121.50	0	252	-7.20
121.50	0	253	-7.50
121.75	0	252	-8.68
120.50	0	253	-2.87
121.25	0	252	-6.03
121.00	0	253	-5.07
121.50	0	252	-7.35
121.00	0	253	-5.15
121.50	0	251	-7.35
121.25	0	253	-6.32
121.25	0	253	-6.25
120.25	0	252	-1.55
120.75	0	253	-3.60
121.00	0	252	-4.93
121.00	0	253	-5.00
120.75	0	252	-3.82
121.25	0	253	-6.10
121.50	0	252	-7.43
119.50	12	253	12.11
122.00	0	252	-9.26
122.00	0	252	-10.00
121.75	0	252	-8.82
122.00	0	253	-9.93
120.50	0	252	-2.95
118.75	31	253	31.24
120.50	13	253	13.32
121.00	0	252	-4.85
121.00	0	253	-5.00
120.00	0	252	-0.30
120.50	0	253	-2.35
121.00	0	252	-4.85
120.00	0	253	-0.30
119.75	6	251	6.24
119.75	11	253	11.41
119.50	22	253	22.79
120.50	7	252	8.00
119.00	35	253	35.16
120.25	24	253	24.62
120.75	6	252	6.66
120.75	0	253	-3.75
120.00	0	252	-0.22
120.25	0	253	-1.18
117.75	56	252	56.23
120.25	40	253	40.12
119.75	46	252	46.81
120.00	45	252	45.78
120.50	33	253	33.15
120.25	29	253	29.08
120.50	17	252	17.82
120.50	7	253	7.54
120.50	0	253	-2.50
118.25	43	252	43.64
120.25	29	253	29.81
120.25	24	252	24.13
120.50	12	253	12.76
120.00	15	253	15.03
120.25	8	251	8.95
120.00	10	253	10.05
120.50	0	253	-2.35
120.25	0	252	-1.32
120.50	0	253	-2.43
119.75	6	252	6.11
120.00	5	253	5.15
119.75	11	252	11.34
120.00	10	253	10.24
120.00	10	253	10.16
119.50	22	252	22.67
119.75	26	253	26.75
119.75	31	253	31.77
120.00	30	251	30.60
120.00	30	253	30.52
119.75	36	253	36.80
119.75	41	252	41.96
119.75	47	253	47.06
119.50	58	252	58.39
119.50	68	253	68.67
119.50	78	253	78.87
119.25	86	252	86.26
119.75	83	253	83.98
119.75	83	253	83.83
119.00	87	252	87.36
119.75	84	252	84.05
119.75	83	253	83.83
119.25	86	252	86.18
119.50	85	253	85.15
119.50	85	253	85.08
119.25	86	252	86.26
118.75	88	253	88.68
118.25	91	253	91.18
119.00	87	252	87.80
119.25	86	253	86.40
118.75	88	253	88.68
118.25	91	252	91.18
119.25	86	253	86.63
119.00	87	252	87.51
119.25	86	252	86.41
118.50	89	253	89.86
119.00	87	253	87.73
119.00	87	252	87.58
118.50	89	253	89.93
118.50	90	253	90.08
119.00	87	252	87.73
118.75	88	253	88.76
118.75	88	253	88.83
118.25	91	252	91.18
119.00	87	253	87.80
117.75	93	252	93.46
119.25	86	252	86.78
119.25	86	253	86.33
119.75	83	253	83.98
119.00	87	252	87.36
119.50	85	253	85.23
118.75	88	253	88.61
119.50	85	252	85.30
118.50	89	253	89.78
119.50	85	253	85.38
119.50	85	252	85.08
119.00	87	253	87.43
119.00	87	253	87.58
119.25	86	251	86.41
118.50	89	253	89.86
119.50	85	253	85.38
118.50	89	252	89.78
119.25	86	253	86.55
119.00	87	253	87.51
119.50	85	252	85.23
119.25	86	253	86.26
118.75	88	253	88.68
119.00	87	252	87.66
119.25	86	253	86.40
117.00	96	253	96.91
119.25	87	251	87.00
119.00	87	253	87.51
119.25	86	253	86.40
118.75	88	252	88.68
118.50	90	253	90.01
118.75	88	252	88.91
118.25	91	253	91.18
118.50	90	253	90.15
117.50	94	253	94.78
118.00	92	252	92.73
118.50	90	253	90.23
118.75	88	253	88.90
117.75	93	251	93.53
118.75	89	253	89.13
117.75	93	253	93.53
117.75	93	252	93.83
118.50	90	253	90.30
118.50	90	252	90.08
118.25	91	253	91.26
118.50	90	253	90.15
118.25	91	252	91.26
118.25	91	253	91.33
117.75	93	253	93.68
117.50	95	252	95.01
117.00	97	253	97.43
116.75	98	252	98.76
117.25	96	252	96.48
116.75	98	253	98.68
116.25	101	253	101.18
117.75	94	253	94.28
116.75	98	252	98.53
117.50	95	253	95.30
117.25	96	253	96.26
117.25	96	252	96.33
117.50	95	253	95.15
117.25	96	252	96.26
117.25	96	253	96.33
117.00	97	253	97.51
117.25	96	251	96.41
115.00	106	253	106.91
117.25	96	253	97.00
117.25	96	253	96.33
117.25	96	252	96.33
116.75	98	253	98.68
117.25	96	253	96.48
117.25	96	252	96.33
117.00	97	253	97.51
117.25	96	252	96.41
116.75	98	253	98.68
117.00	97	253	97.65
116.75	98	251	98.76
117.00	97	253	97.65
117.00	97	253	97.58
116.25	101	252	101.11
117.00	97	253	97.80
117.00	97	253	97.58
116.25	101	253	101.11
117.00	97	252	97.80
116.75	98	253	98.76
116.50	100	253	100.01
116.25	101	252	101.26
116.25	101	253	101.33
117.00	97	253	97.80
117.00	97	252	97.58
116.00	102	252	102.28
116.75	99	253	99.05
116.75	98	253	98.83
116.75	98	252	98.83
116.25	101	253	101.18
116.25	101	253	101.33
116.25	101	252	101.33
116.75	98	253	98.98
116.00	102	253	102.36
116.75	99	253	99.05
116.25	101	252	101.18
116.25	101	252	101.33
116.00	102	253	102.51
116.50	100	253	100.23
116.50	100	252	100.08
116.50	100	253	100.08
115.75	103	253	103.61
116.25	101	253	101.48
115.50	104	252	104.86
116.25	101	253	101.55
116.00	102	253	102.51
116.50	100	253	100.23
115.75	103	252	103.61
116.25	101	253	101.48
116.00	102	252	102.51
117.25	96	253	96.70
116.75	98	252	98.68
117.50	95	253	95.30
117.00	97	253	97.43
117.00	97	252	97.58
116.75	98	253	98.76
117.50	95	253	95.30
117.25	96	252	96.26
116.75	98	253	98.68
117.00	97	253	97.65
117.50	95	252	95.23
117.00	97	253	97.43
117.25	96	252	96.41
117.50	95	252	95.16
117.25	96	253	96.26
117.50	95	253	95.15
116.75	98	252	98.61
117.25	96	253	96.48
117.00	97	253	97.51
117.25	96	252	96.41
117.25	96	253	96.33
117.25	96	253	96.33
117.00	97	252	97.51
117.50	95	253	95.23
117.25	96	252	96.26
117.00	97	252	97.51
116.75	98	253	98.76
117.25	96	253	96.48
117.25	96	252	96.33
114.25	110	253	110.44
117.00	98	253	98.40
117.50	95	252	95.23
117.00	97	253	97.43
117.00	97	253	97.58
117.00	97	252	97.58
116.50	99	253	99.93
117.00	97	253	97.73
116.50	99	251	99.93
116.75	98	253	98.90
117.25	96	253	96.48
117.25	96	252	96.33
117.25	96	253	96.33
117.25	96	253	96.33
117.25	96	252	96.33
117.25	96	253	96.33
117.00	97	252	97.51
116.75	98	253	98.76
116.75	98	253	98.83
116.75	98	252	98.83
116.75	98	252	98.83
117.25	96	253	96.48
117.00	97	252	97.51
116.75	98	253	98.76
117.00	97	253	97.65
117.00	97	252	97.58
117.00	97	253	97.58
117.25	96	253	96.40
117.25	96	252	96.33
116.25	101	253	101.03
117.00	97	253	97.80
116.75	98	252	98.76
117.00	97	253	97.65
116.25	101	252	101.11
116.50	100	252	100.16
115.50	104	253	104.78
116.75	99	253	99.20
116.25	101	253	101.18
117.25	96	252	96.63
117.25	96	253	96.33
116.75	98	253	98.68
116.75	98	252	98.83
117.00	97	253	97.65
117.00	97	253	97.58
117.50	95	252	95.23
116.25	100	252	100.96
117.00	97	253	97.80
117.00	97	252	97.58
116.75	98	253	98.76
116.75	98	253	98.83
116.75	98	252	98.83
117.25	96	253	96.48
117.00	97	253	97.51
116.75	98	252	98.76
117.00	97	253	97.65
117.25	96	253	96.40
117.25	96	252	96.33
116.75	98	253	98.68
117.25	96	252	96.48
117.50	95	252	95.16
117.25	96	253	96.26
116.75	98	253	98.68
117.25	96	252	96.48
117.25	96	253	96.33
117.25	96	253	96.33
117.25	96	252	96.33
117.25	96	253	96.33
117.00	97	252	97.51
117.25	96	253	96.40
117.25	96	253	96.33
117.50	95	251	95.16
116.75	98	253	98.61
117.50	95	253	95.30
117.00	97	252	97.43
117.00	97	253	97.58
116.75	98	253	98.76
117.50	95	252	95.30
117.25	96	253	96.26
117.25	96	253	96.33
115.50	104	252	104.56
117.00	98	253	98.03
117.25	96	253	96.40
117.25	96	251	96.33
116.25	101	253	101.03
117.00	97	253	97.80
116.00	102	252	102.28
117.25	96	253	96.70
116.75	98	253	98.68
117.50	95	252	95.30
114.50	109	253	109.19
114.00	112	253	112.43
113.75	113	253	113.76
114.50	110	252	110.30
114.00	112	253	112.43
113.75	113	253	113.76
114.50	110	252	110.30
113.75	113	253	113.61
117.50	96	252	96.20
117.25	96	253	96.26
117.25	96	253	96.33
117.00	97	252	97.51
117.50	95	253	95.23
117.50	95	253	95.08
117.50	95	252	95.08
117.50	95	253	95.08
117.50	95	253	95.08
117.50	95	252	95.08
117.50	95	253	95.08
117.50	95	251	95.08
117.75	93	253	93.90
117.25	96	253	96.18
117.50	95	252	95.16
117.50	95	253	95.08
117.25	96	253	96.26
117.50	95	252	95.16
117.50	95	253	95.08
117.50	95	253	95.08
117.50	95	252	95.08
117.50	95	253	95.08
115.25	105	253	105.66
117.50	95	251	95.75
118.00	92	253	92.73
117.75	93	253	93.76
117.75	93	252	93.83
118.00	92	253	92.65
117.75	93	253	93.76
117.75	93	252	93.83
117.75	93	253	93.83
117.50	95	252	95.01
117.75	93	253	93.90
117.75	93	253	93.83
118.00	92	252	92.66
116.75	98	253	98.46
118.00	92	252	92.95
117.75	93	252	93.76
117.75	93	253	93.83
117.50	95	253	95.01
117.75	93	252	93.91
118.00	92	253	92.65
118.00	92	253	92.58
117.50	94	252	94.93
117.75	93	253	93.90
117.75	93	253	93.83
117.75	93	252	93.83
117.25	96	253	96.18
118.00	92	252	92.80
118.25	91	252	91.41
117.75	93	253	93.68
117.00	97	253	97.36
118.00	92	252	92.88
118.25	91	253	91.40
117.75	93	253	93.68
117.50	95	252	95.01
118.00	92	253	92.73
118.25	91	253	91.40
118.25	91	252	91.33
117.25	96	253	96.03
118.25	91	253	91.63
118.00	92	251	92.51
118.00	92	253	92.58
117.75	93	252	93.76
117.50	95	253	95.01
118.25	91	253	91.55
118.25	91	252	91.33
118.00	92	253	92.51
118.25	91	253	91.40
118.25	91	252	91.33
118.00	92	253	92.51
118.00	92	253	92.58
118.25	91	252	91.41
118.25	91	252	91.33
118.00	92	253	92.51
118.25	91	252	91.41
118.25	91	253	91.33
118.25	91	253	91.33
118.50	90	252	90.16
118.50	90	253	90.08
118.25	91	253	91.26
118.00	92	252	92.51
118.00	92	253	92.58
118.50	90	253	90.23
118.25	91	252	91.26
118.00	92	253	92.51
118.50	90	252	90.23
118.25	91	252	91.26
118.50	90	253	90.15
118.00	92	253	92.43
118.75	89	252	89.05
118.75	88	253	88.83
118.75	88	253	88.83
118.00	92	252	92.36
118.50	90	253	90.23
118.75	88	252	88.91
118.50	90	253	90.01
118.00	92	253	92.43
119.00	87	251	87.88
118.50	89	253	89.93
118.75	88	253	88.90
116.00	101	252	101.76
118.75	89	253	89.65
118.75	88	253	88.83
118.75	88	253	88.83
118.75	88	252	88.83
118.75	88	253	88.83
119.00	87	252	87.66
118.50	89	253	89.93
119.00	87	253	87.73
119.00	87	251	87.58
119.25	86	253	86.40
118.75	88	253	88.68
118.75	88	252	88.83
119.25	86	253	86.48
119.00	87	253	87.51
118.75	88	252	88.76
119.25	86	253	86.48
119.00	87	253	87.51
119.50	85	252	85.23
119.25	86	253	86.26
119.00	87	253	87.51
119.00	87	252	87.58
119.25	86	252	86.41
119.00	87	253	87.51
119.25	86	252	86.41
119.00	87	253	87.51
119.25	86	253	86.40
119.25	86	252	86.33
119.25	86	253	86.33
119.00	87	253	87.51
119.25	86	252	86.41
119.25	86	253	86.33
119.25	86	253	86.33
118.75	88	252	88.68
119.00	87	252	87.66
119.25	86	253	86.40
119.50	85	252	85.16
118.50	89	253	89.78
119.50	85	253	85.38
119.50	85	252	85.08
118.00	92	253	92.14
118.75	89	253	89.05
119.50	85	252	85.30
119.25	86	253	86.26
119.75	83	253	83.98
118.75	88	252	88.53
120.00	82	253	82.95
119.50	84	252	84.93
119.50	85	252	85.08
118.75	88	253	88.61
120.00	82	253	82.95
119.50	84	252	84.93
120.00	82	253	82.73
118.75	88	252	88.46
119.75	84	253	84.13
119.75	83	253	83.83
119.75	83	252	83.83
119.75	83	253	83.83
119.75	83	253	83.83
119.50	85	251	85.01
119.50	85	253	85.08
119.50	85	253	85.08
119.50	85	252	85.08
120.00	82	253	82.73
120.00	82	253	82.58
119.25	86	252	86.11
120.00	82	253	82.80
120.00	82	253	82.58
119.75	83	252	83.76
119.50	85	253	85.01
119.75	83	252	83.91
119.75	83	253	83.83
120.25	76	252	76.40
120.00	77	252	77.43
120.25	71	253	71.22
119.75	78	253	78.60
120.25	71	252	71.32
120.25	66	253	66.07
120.00	67	253	67.24
119.25	86	252	86.09
120.25	76	253	76.51
120.00	77	253	77.39
119.75	83	252	83.72
120.25	76	253	76.34
119.75	83	252	83.62
120.50	70	252	70.08
120.00	72	253	72.21
120.00	72	253	72.36
120.00	72	252	72.36
120.50	59	253	59.81
120.75	43	253	43.18
119.75	52	252	52.89
120.00	52	253	52.01
120.25	45	253	45.66
120.50	34	252	34.25
119.75	42	253	42.80
120.75	23	253	23.02
120.50	13	251	13.78
120.50	3	253	3.65
120.00	6	253	6.00
120.50	0	252	-2.35
121.00	0	253	-4.85
120.50	0	252	-2.65
120.00	0	253	-0.15
120.75	0	252	-3.53
120.75	0	253	-3.75
121.00	0	252	-4.93
120.25	0	253	-1.47
120.50	0	252	-2.43
120.50	0	252	-2.50
121.00	0	252	-4.85
121.00	0	253	-5.00
120.75	0	252	-3.82
120.75	0	253	-3.75
121.25	0	252	-6.10
121.25	0	253	-6.25
121.00	0	252	-5.07
121.50	0	253	-7.35
121.00	0	253	-5.15
118.75	30	252	30.98
120.50	13	253	13.22
121.25	0	251	-6.03
121.50	0	253	-7.43
121.00	0	253	-5.15
121.25	0	252	-6.18
121.50	0	253	-7.43
121.25	0	252	-6.32
121.50	0	253	-7.43
121.50	0	252	-7.50
121.50	0	253	-7.50
121.75	0	252	-8.68
121.00	0	253	-5.22
121.00	0	252	-5.00
121.50	0	252	-7.35
121.00	0	252	-5.15
121.25	0	253	-6.18
121.50	0	252	-7.43
121.25	0	253	-6.32
121.25	0	252	-6.25
121.00	0	253	-5.07
121.00	0	252	-5.00
121.50	0	253	-7.35
121.50	0	252	-7.50
121.50	0	253	-7.50
121.25	0	252	-6.32
121.50	0	252	-7.43
121.00	0	252	-5.15
121.50	0	253	-7.35
121.50	0	253	-7.50
121.50	0	252	-7.50
121.75	0	253	-8.68
121.75	0	252	-8.75
121.50	0	253	-7.57
121.25	0	252	-6.32
121.50	0	253	-7.43
121.75	0	252	-8.68
121.50	0	253	-7.57
122.00	0	251	-9.85
121.75	0	253	-8.82
121.75	0	252	-8.75
121.75	0	253	-8.75
122.00	0	252	-9.93
121.75	0	253	-8.82
121.75	0	252	-8.75
121.50	0	253	-7.57
121.75	0	252	-8.68
122.00	0	253	-9.93
122.00	0	253	-10.00
122.25	0	252	-11.18
122.00	0	252	-10.07
122.25	0	252	-11.18
122.00	0	253	-10.07
121.75	0	252	-8.82
121.75	0	253	-8.75
121.75	0	252	-8.75
122.00	0	253	-9.93
122.00	0	252	-10.00
121.75	0	253	-8.82
122.25	0	252	-11.10
122.00	0	253	-10.07
122.00	0	253	-10.00
122.25	0	251	-11.18
122.00	0	253	-10.07
122.00	0	252	-10.00
122.00	0	253	-10.00
122.25	0	252	-11.18
122.25	0	253	-11.25
122.25	0	253	-11.25
122.25	0	252	-11.25
122.50	0	253	-12.43
122.00	0	252	-10.15
122.50	0	253	-12.35
122.25	0	252	-11.32
122.25	0	252	-11.25
121.75	0	253	-8.90
122.25	0	252	-11.10
121.75	0	253	-8.90
121.75	0	252	-8.75
120.50	0	253	-2.87
122.50	0	252	-11.90
121.50	0	253	-7.80
122.25	0	252	-11.03
121.00	0	253	-5.37
122.25	0	252	-10.88
121.75	0	253	-8.90
122.25	0	251	-11.10
120.00	0	253	-0.67
121.50	0	253	-7.06
121.50	0	252	-7.50
121.75	0	253	-8.68
120.75	0	252	-4.05
121.75	0	253	-8.45
121.50	0	252	-7.57
121.50	0	253	-7.50
121.25	0	252	-6.32
121.75	0	253	-8.60
121.75	0	252	-8.75
121.75	0	252	-8.75
120.75	0	252	-4.05
121.75	0	253	-8.45
121.50	0	252	-7.57
121.50	0	253	-7.50
121.50	0	252	-7.50
122.00	0	253	-9.85
121.50	0	252	-7.65
121.50	0	253	-7.50
122.00	0	252	-9.85
121.75	0	253	-8.82
122.00	0	252	-9.93
121.50	0	252	-7.65
121.50	0	253	-7.50
121.75	0	252	-8.68
121.75	0	253	-8.75
121.75	0	252	-8.75
121.25	0	253	-6.40
121.75	0	252	-8.60
121.75	0	253	-8.75
122.00	0	252	-9.93
119.25	18	253	18.24
121.50	0	252	-6.83
122.00	0	253	-9.85
121.75	0	251	-8.82
121.25	0	253	-6.40
121.25	0	252	-6.25
121.75	0	253	-8.60
121.75	0	252	-8.75
121.75	0	253	-8.75
121.50	0	252	-7.57
121.00	0	253	-5.15
121.50	0	253	-7.35
121.25	0	252	-6.32
121.00	0	253	-5.07
121.75	0	252	-8.53
121.50	0	252	-7.57
121.25	0	252	-6.32
121.50	0	253	-7.43
121.50	0	252	-7.50
121.50	0	253	-7.50
121.75	0	252	-8.68
121.25	0	253	-6.40
121.50	0	252	-7.43
121.75	0	253	-8.68
121.50	0	252	-7.57
121.50	0	253	-7.50
121.25	0	252	-6.32
121.50	0	252	-7.43
121.75	0	252	-8.68
121.50	0	253	-7.57
121.50	0	253	-7.50
121.00	0	252	-5.15
121.50	0	253	-7.35
120.75	0	252	-3.97
121.00	0	253	-4.93
122.25	0	252	-10.88
122.50	0	253	-12.43
122.25	0	252	-11.32
122.50	0	253	-12.43
122.50	0	252	-12.50
122.00	0	252	-10.15
122.50	0	253	-12.35
122.50	0	252	-12.50
122.25	0	253	-11.32
122.25	0	252	-11.25
122.75	0	253	-13.60
122.50	0	252	-12.57
122.50	0	253	-12.50
122.25	0	253	-11.32
122.00	0	252	-10.07
122.50	0	253	-12.35
122.25	0	251	-11.32
122.25	0	253	-11.25
121.75	0	252	-8.90
122.50	0	253	-12.28
122.25	0	253	-11.32
121.50	0	252	-7.72
122.25	0	253	-11.03
122.25	0	252	-11.25
121.75	0	253	-8.90
122.25	0	252	-11.10
122.25	0	253	-11.25
122.25	0	253	-11.25
122.50	0	251	-12.43
122.00	0	253	-10.15
122.25	0	252	-11.18
122.25	0	253	-11.25
122.25	0	252	-11.25
122.25	0	253	-11.25
122.25	0	252	-11.25
121.75	0	253	-8.90
122.25	0	253	-11.10
122.25	0	252	-11.25
122.50	0	253	-12.43
122.50	0	252	-12.50
122.00	0	253	-10.15
122.50	0	251	-12.35
122.25	0	253	-11.32
122.00	0	253	-10.07
119.50	11	252	11.92
122.25	0	253	-10.43
122.25	0	252	-11.25
122.25	0	253	-11.25
121.00	0	253	-5.37
122.00	0	252	-9.70
122.25	0	253	-11.18
122.00	0	252	-10.07
121.50	0	253	-7.65
122.00	0	251	-9.85
122.25	0	253	-11.18
122.00	0	252	-10.07
121.25	0	253	-6.47
122.00	0	252	-9.78
121.50	0	253	-7.65
122.25	0	253	-11.03
121.50	0	252	-7.72
122.00	0	253	-9.85
122.00	0	252	-10.00
122.25	0	253	-11.18
122.00	0	252	-10.07
121.75	0	252	-8.82
122.25	0	252	-11.10
122.00	0	253	-10.07
122.00	0	253	-10.00
121.75	0	252	-8.82
122.00	0	253	-9.93
122.00	0	252	-10.00
121.50	0	253	-7.65
121.75	0	252	-8.68
121.75	0	253	-8.75
122.00	0	252	-9.93
122.00	0	253	-10.00
121.75	0	251	-8.82
121.75	0	253	-8.75
121.75	0	252	-8.75
121.75	0	253	-8.75
121.50	0	252	-7.57
121.75	0	253	-8.68
121.25	0	252	-6.40
119.50	12	253	12.18
121.25	0	253	-5.73
121.50	0	252	-7.43
121.50	0	253	-7.50
121.75	0	252	-8.68
121.75	0	252	-8.75
121.50	0	252	-7.57
121.50	0	253	-7.50
121.75	0	252	-8.68
121.75	0	253	-8.75
121.50	0	252	-7.57
121.75	0	253	-8.68
121.25	0	252	-6.40
121.25	0	253	-6.25
121.50	0	252	-7.43
121.25	0	253	-6.32
121.50	0	252	-7.43
121.50	0	252	-7.50
121.25	0	253	-6.32
121.25	0	252	-6.25
121.25	0	253	-6.25
121.25	0	252	-6.25
121.25	0	253	-6.25
121.00	0	252	-5.07
121.25	0	253	-6.18
121.25	0	252	-6.25
121.25	0	253	-6.25
121.25	0	252	-6.25
121.25	0	253	-6.25
121.25	0	251	-6.25
121.50	0	253	-7.43
121.00	0	252	-5.15
121.25	0	253	-6.18
120.75	0	252	-3.90
121.25	0	253	-6.10
121.25	0	252	-6.25
120.75	0	253	-3.90
120.75	0	252	-3.75
121.00	0	253	-4.93
120.75	0	252	-3.82
121.25	0	253	-6.10
120.75	0	251	-3.90
121.00	0	253	-4.93
121.00	0	252	-5.00
121.00	0	253	-5.00
120.75	0	252	-3.82
120.50	0	253	-2.57
121.25	0	253	-6.03
120.50	0	252	-2.72
120.75	0	253	-3.68
120.75	0	252	-3.75
121.25	0	253	-6.10
120.75	0	252	-3.90
120.50	0	252	-2.57
120.75	0	252	-3.68
121.00	0	253	-4.93
120.50	0	252	-2.65
120.00	0	253	-0.15
120.50	0	252	-2.35
120.75	0	253	-3.68
120.75	0	252	-3.75
120.50	0	253	-2.57
120.75	0	252	-3.68
121.00	0	253	-4.93
120.50	0	253	-2.65
120.25	0	251	-1.32
120.50	0	253	-2.43
120.50	0	252	-2.50
120.50	0	253	-2.50
120.50	0	252	-2.50
120.50	0	253	-2.50
119.75	6	252	6.11
120.00	5	253	5.15
119.75	11	252	11.34
119.25	29	253	29.07
119.75	31	253	31.96
120.25	24	252	24.38
120.25	19	252	19.15
119.50	32	253	32.88
117.00	96	252	96.84
120.00	83	253	83.47
120.00	82	252	82.58
120.25	76	253	76.30
119.50	84	253	84.86
119.50	85	252	85.08
120.25	76	253	76.45
119.75	83	253	83.68
119.50	85	252	85.01
119.50	85	253	85.08
119.75	83	252	83.91
119.75	83	252	83.83
119.50	85	253	85.01
119.25	86	253	86.26
119.75	83	252	83.98
119.75	83	253	83.83
119.75	83	253	83.83
118.75	88	252	88.53
119.75	84	253	84.13
119.75	83	253	83.83
119.50	85	252	85.01
119.50	85	253	85.08
119.75	83	253	83.90
119.50	85	251	85.01
119.25	86	253	86.26
119.25	86	253	86.33
119.50	85	252	85.16
119.50	85	253	85.08
119.25	86	253	86.26
118.75	88	252	88.68
119.25	86	253	86.48
119.25	86	253	86.33
119.00	87	252	87.51
117.75	93	253	93.46
119.25	86	253	86.78
119.00	87	251	87.51
119.00	87	253	87.58
119.00	87	253	87.58
119.50	85	252	85.23
119.25	86	253	86.26
119.00	87	253	87.51
118.75	88	252	88.76
119.25	86	253	86.48
119.00	87	253	87.51
118.75	88	252	88.76
119.00	87	253	87.65
119.00	87	253	87.58
118.75	88	252	88.76
118.50	90	252	90.01
119.00	87	252	87.73
118.75	88	253	88.76
119.25	86	253	86.48
118.50	89	252	89.86
119.00	87	253	87.73
118.75	88	253	88.76
119.25	86	253	86.48
119.00	87	252	87.51
119.00	87	253	87.58
119.00	87	252	87.58
118.75	88	253	88.76
118.50	90	252	90.01
118.50	90	252	90.08
118.75	88	253	88.90
118.50	90	253	90.01
119.00	87	252	87.73
118.75	88	253	88.76
118.75	88	253	88.83
118.00	92	252	92.36
118.50	90	253	90.23
118.25	91	253	91.26
118.75	88	252	88.98
118.50	90	253	90.01
118.25	91	253	91.26
118.25	91	251	91.33
118.50	90	253	90.15
118.25	91	253	91.26
118.50	90	252	90.16
118.50	90	253	90.08
118.25	91	253	91.26
116.75	98	252	98.38
118.25	91	253	91.78
118.25	91	253	91.33
118.50	90	252	90.16
118.25	91	253	91.26
117.75	93	253	93.68
118.00	92	251	92.66
118.00	92	253	92.58
118.50	90	253	90.23
118.00	92	252	92.43
118.25	91	253	91.40
118.00	92	253	92.51
118.00	92	252	92.58
117.75	93	253	93.76
118.00	92	253	92.65
117.50	94	252	94.93
118.25	91	253	91.55
117.75	93	252	93.68
118.00	92	253	92.65
118.00	92	252	92.58
117.00	97	252	97.28
117.75	94	253	94.05
118.00	92	253	92.65
118.00	92	252	92.58
117.25	96	253	96.11
117.00	97	253	97.51
117.50	95	252	95.23
117.50	95	253	95.08
117.00	97	253	97.43
117.00	97	252	97.58
118.00	92	253	92.88
118.00	92	252	92.58
117.25	96	252	96.11
116.75	98	253	98.68
118.00	92	253	92.95
117.50	94	252	94.93
116.50	99	253	99.78
117.00	97	253	97.73
117.50	95	252	95.23
117.50	95	253	95.08
115.25	105	253	105.66
116.75	99	252	99.28
117.75	94	253	94.13
117.75	93	253	93.83
117.25	96	251	96.18
117.00	97	253	97.51
117.75	94	253	94.05
117.50	95	252	95.01
117.75	93	253	93.90
116.75	98	253	98.53
117.50	95	252	95.30
117.50	95	253	95.08
117.00	97	252	97.43
116.75	98	253	98.76
117.00	97	253	97.65
115.75	103	252	103.46
114.50	109	252	109.71
115.25	106	253	106.55
116.25	101	253	101.63
114.00	111	253	111.91
116.00	103	252	103.18
115.75	103	253	103.76
115.25	106	253	106.18
116.25	101	253	101.63
116.25	101	252	101.33
116.00	102	253	102.51
116.25	101	253	101.40
116.25	101	253	101.33
115.25	106	253	106.03
116.50	100	251	100.45
115.75	103	253	103.61
116.25	101	253	101.48
116.00	102	253	102.51
116.25	101	252	101.41
116.25	101	253	101.33
116.00	102	253	102.51
115.75	103	253	103.76
116.25	101	253	101.48
116.00	102	252	102.51
116.25	101	253	101.40
116.25	101	253	101.33
116.25	101	253	101.33
115.75	103	251	103.68
116.00	102	253	102.65
115.25	106	253	106.11
115.75	103	253	103.98
116.00	102	252	102.66
116.25	101	253	101.40
116.25	101	253	101.33
116.00	102	253	102.51
115.75	103	252	103.76
116.25	101	253	101.48
116.25	101	253	101.33
116.00	102	253	102.51
116.25	101	253	101.40
115.75	103	251	103.68
115.50	105	253	105.01
115.50	105	253	105.08