02:19:38.623	69.50	262	1000	262.63
02:19:38.855	70.00	260	253	261.00
02:19:39.121	70.00	260	253	260.78
02:19:39.387	70.25	259	252	259.96
02:19:39.619	70.00	260	253	260.67
02:19:39.890	70.25	259	253	259.96
02:19:40.123	69.75	261	252	261.48
02:19:40.388	69.75	261	252	261.70
02:19:40.622	70.00	260	253	260.89
02:19:40.891	70.00	260	253	260.78
02:19:41.132	70.00	260	252	260.78
02:19:41.392	70.00	260	253	260.78
02:19:41.631	70.00	260	253	260.78
02:19:41.904	70.00	260	252	260.78
02:19:42.156	69.75	261	253	261.59
02:19:42.417	69.50	262	253	262.52
02:19:42.656	70.00	260	253	261.00
02:19:42.894	70.00	260	252	260.78
02:19:43.168	70.25	259	253	259.96
02:19:43.407	70.00	260	252	260.67
02:19:43.680	70.00	260	252	260.78
02:19:43.920	70.00	260	253	260.78
02:19:44.159	70.00	260	253	260.78
02:19:44.432	69.75	261	252	261.59
02:19:44.672	69.75	261	253	261.70
02:19:44.945	69.50	262	253	262.52
02:19:45.184	69.75	261	253	261.81
02:19:45.424	70.00	260	252	260.89
02:19:45.697	70.00	260	253	260.78
02:19:45.936	69.75	261	253	261.59
02:19:46.176	70.00	260	252	260.89
02:19:46.449	69.75	261	253	261.59
02:19:46.688	69.25	263	252	263.33
02:19:46.962	70.00	261	253	261.11
02:19:47.201	69.75	261	252	261.59
02:19:47.440	69.75	261	253	261.70
02:19:47.714	69.75	261	253	261.70
02:19:47.953	69.75	261	252	261.70
02:19:48.226	69.75	261	253	261.70
02:19:48.466	70.25	260	253	260.07
02:19:48.705	69.75	261	252	261.48
02:19:48.978	69.75	261	253	261.70
02:19:49.218	69.75	261	253	261.70
02:19:49.457	69.75	261	252	261.70
02:19:49.730	70.00	260	252	260.89
02:19:49.969	70.00	260	253	260.78
02:19:50.244	69.50	262	253	262.41
02:19:50.482	70.00	260	252	261.00
02:19:50.721	70.00	260	253	260.78
02:19:50.996	69.75	261	253	261.59
02:19:51.234	70.00	260	252	260.89
02:19:51.508	70.00	260	253	260.78
02:19:51.747	70.25	259	253	259.96
02:19:51.989	70.00	260	252	260.67
02:19:52.260	70.00	260	253	260.78
02:19:52.498	69.75	261	253	261.59
02:19:52.737	70.00	260	253	260.89
02:19:53.010	70.50	259	251	259.15
02:19:53.250	70.00	260	253	260.56
02:19:53.523	70.00	260	253	260.78
02:19:53.762	70.00	260	252	260.78
02:19:54.036	69.50	262	253	262.41
02:19:54.275	70.00	260	253	261.00
02:19:54.514	69.75	261	253	261.59
02:19:54.788	70.25	260	252	260.07
02:19:55.027	70.25	259	253	259.85
02:19:55.266	70.25	259	253	259.85
02:19:55.540	70.00	260	252	260.67
02:19:55.779	70.25	259	253	259.96
02:19:56.052	70.25	259	253	259.85
02:19:56.292	70.25	259	251	259.85
02:19:56.531	70.25	259	253	259.85
02:19:56.804	70.25	259	253	259.85
02:19:57.044	70.50	259	253	259.04
02:19:57.317	70.00	260	252	260.56
02:19:57.556	70.25	259	253	259.96
02:19:57.796	70.50	259	253	259.04
02:19:58.069	70.00	260	252	260.56
02:19:58.308	70.00	260	253	260.78
02:19:58.548	70.50	259	253	259.15
02:19:58.821	70.75	258	253	258.11
02:19:59.060	70.25	259	252	259.63
02:19:59.334	70.00	260	252	260.67
02:19:59.573	70.75	258	253	258.33
02:19:59.812	70.50	258	252	258.82
02:20:00.086	70.25	259	253	259.74
02:20:00.325	70.50	259	253	259.04
02:20:00.564	70.50	258	253	258.93
02:20:00.838	70.50	258	252	258.93
02:20:01.077	70.00	260	253	260.56
02:20:01.350	70.75	258	253	258.33
02:20:01.590	71.00	257	252	257.19
02:20:01.863	71.00	257	253	257.08
02:20:02.102	70.25	259	253	259.52
02:20:02.342	71.00	257	252	257.41
02:20:02.615	70.75	257	252	257.89
02:20:02.854	71.00	257	253	257.19
02:20:03.093	70.50	258	253	258.71
02:20:03.367	71.25	256	252	256.48
02:20:03.606	71.25	256	253	256.15
02:20:03.880	71.25	256	253	256.15
02:20:04.119	71.00	256	252	256.97
02:20:04.358	71.50	255	253	255.45
02:20:04.632	71.25	256	253	256.04
02:20:04.871	71.50	255	253	255.34
02:20:05.144	71.25	256	252	256.04
02:20:05.383	71.50	255	253	255.34
02:20:05.623	71.50	255	253	255.23
02:20:05.896	71.50	255	251	255.23
02:20:06.135	71.50	255	253	255.23
02:20:06.375	71.50	255	253	255.23
02:20:06.648	71.75	254	253	254.41
02:20:06.887	71.75	254	252	254.30
02:20:07.161	71.50	255	253	255.12
02:20:07.400	71.75	254	253	254.41
02:20:07.639	71.75	254	252	254.30
02:20:07.913	71.75	254	253	254.30
02:20:08.152	71.75	254	253	254.30
02:20:08.391	72.00	253	252	253.49
02:20:08.665	72.25	252	253	252.56
02:20:08.904	72.25	252	252	252.45
02:20:09.177	72.00	253	252	253.27
02:20:09.417	72.25	252	253	252.56
02:20:09.690	72.50	251	253	251.64
02:20:09.929	72.50	251	253	251.53
02:20:10.169	72.50	251	252	251.53
02:20:10.442	72.25	252	253	252.34
02:20:10.681	72.75	250	253	250.82
02:20:10.921	72.75	250	252	250.60
02:20:11.194	72.25	252	253	252.23
02:20:11.433	73.00	250	253	250.01
02:20:11.707	72.25	252	253	252.12
02:20:11.946	72.75	250	252	250.82
02:20:12.185	73.25	248	252	248.97
02:20:12.459	73.00	249	253	249.57
02:20:12.698	73.25	248	252	248.86
02:20:12.937	73.00	249	253	249.57
02:20:13.211	73.00	249	253	249.68
02:20:13.450	73.50	248	253	248.05
02:20:13.723	73.00	249	252	249.46
02:20:13.963	73.50	248	253	248.05
02:20:14.202	73.00	249	253	249.46
02:20:14.475	73.50	248	252	248.05
02:20:14.715	73.50	247	253	247.83
02:20:14.988	73.75	247	253	247.01
02:20:15.227	74.00	246	251	246.09
02:20:15.466	73.25	248	253	248.42
02:20:15.740	74.00	246	253	246.31
02:20:15.979	74.25	245	253	245.16
02:20:16.218	74.25	245	252	245.05
02:20:16.492	74.00	245	253	245.87
02:20:16.731	74.25	245	253	245.16
02:20:17.005	74.25	245	252	245.05
02:20:17.244	74.00	245	253	245.87
02:20:17.517	74.50	244	253	244.35
02:20:17.756	74.50	244	253	244.13
02:20:17.996	74.75	243	252	243.31
02:20:18.269	74.50	244	253	244.02
02:20:18.508	74.75	243	252	243.31
02:20:18.748	75.00	242	252	242.39
02:20:19.021	74.75	243	253	243.09
02:20:19.260	74.75	243	253	243.20
02:20:19.534	75.25	241	253	241.57
02:20:19.773	74.75	242	252	242.98
02:20:20.012	75.25	241	253	241.57
02:20:20.286	75.00	242	253	242.17
02:20:20.525	75.50	240	252	240.65
02:20:20.764	75.75	239	253	239.61
02:20:21.038	75.50	240	253	240.32
02:20:21.277	75.25	241	253	241.24
02:20:21.550	75.75	239	252	239.72
02:20:21.790	75.75	239	252	239.50
02:20:22.029	75.75	239	253	239.50
02:20:22.302	75.75	239	252	239.50
02:20:22.542	76.50	237	253	237.06
02:20:22.815	76.25	237	253	237.54
02:20:23.054	76.25	237	252	237.65
02:20:23.294	76.00	238	253	238.47
02:20:23.567	76.50	236	253	236.95
02:20:23.806	76.75	235	253	235.91
02:20:24.046	76.75	235	252	235.80
02:20:24.319	76.00	238	253	238.25
02:20:24.558	76.75	236	253	236.13
02:20:24.832	76.75	235	251	235.80
02:20:25.071	76.75	235	253	235.80
02:20:25.310	76.25	237	253	237.43
02:20:25.584	77.00	235	252	235.21
02:20:25.823	77.50	233	253	233.25
02:20:26.096	77.50	233	253	233.03
02:20:26.336	77.50	233	253	233.03
02:20:26.575	77.50	233	252	233.03
02:20:26.848	77.75	232	253	232.21
02:20:27.087	77.75	232	253	232.10
02:20:27.361	77.25	233	252	233.73
02:20:27.600	77.75	232	253	232.32
02:20:27.839	77.75	232	253	232.10
02:20:28.113	77.75	232	251	232.10
02:20:28.352	77.75	232	253	232.10
02:20:28.591	78.25	230	253	230.47
02:20:28.865	78.25	230	252	230.25
02:20:29.104	78.25	230	253	230.25
02:20:29.378	78.50	229	253	229.44
02:20:29.617	78.75	228	253	228.51
02:20:29.856	78.50	229	252	229.22
02:20:30.129	78.50	229	253	229.33
02:20:30.369	78.75	228	253	228.51
02:20:30.642	79.00	227	252	227.59
02:20:30.881	79.00	227	253	227.48
02:20:31.121	79.00	227	253	227.48
02:20:31.394	79.25	226	251	226.66
02:20:31.633	79.25	226	253	226.55
02:20:31.873	79.00	227	253	227.37
02:20:32.147	79.50	225	253	225.85
02:20:32.385	79.25	226	252	226.44
02:20:32.658	79.75	224	253	224.92
02:20:32.897	79.75	224	253	224.70
02:20:33.170	79.50	225	252	225.52
02:20:33.410	80.00	223	253	224.00
02:20:33.649	80.00	223	253	223.78
02:20:33.922	79.75	224	252	224.59
02:20:34.162	79.75	224	253	224.70
02:20:34.401	80.25	223	252	223.07
02:20:34.674	80.75	221	253	221.22
02:20:34.914	80.50	221	252	221.82
02:20:35.187	80.75	221	253	221.11
02:20:35.426	81.00	220	253	220.19
02:20:35.666	80.75	220	252	220.89
02:20:35.939	81.00	220	253	220.19
02:20:36.178	81.00	220	253	220.08
02:20:36.452	81.00	220	252	220.08
02:20:36.691	81.25	219	253	219.26
02:20:36.930	81.50	218	253	218.34
02:20:37.204	81.25	219	253	219.04
02:20:37.443	81.75	217	252	217.52
02:20:37.682	81.75	217	252	217.30
02:20:37.956	81.75	217	253	217.30
02:20:38.195	81.75	217	252	217.30
02:20:38.468	82.25	215	253	215.67
02:20:38.708	82.00	216	253	216.27
02:20:38.947	82.25	215	252	215.56
02:20:39.220	82.25	215	253	215.45
02:20:39.460	82.25	215	253	215.45
02:20:39.699	82.00	216	253	216.27
02:20:39.972	82.75	213	252	213.93
02:20:40.211	82.50	214	253	214.42
02:20:40.485	82.25	215	253	215.34
02:20:40.724	82.50	214	251	214.64
02:20:40.963	82.75	213	253	213.71
02:20:41.237	83.00	212	253	212.79
02:20:41.476	83.25	211	253	211.86
02:20:41.750	83.50	210	252	210.94
02:20:41.989	83.50	210	253	210.83
02:20:42.228	83.50	210	253	210.83
02:20:42.501	83.50	210	252	210.83
02:20:42.741	83.75	210	253	210.01
02:20:43.014	83.75	209	253	209.90
02:20:43.253	83.50	210	252	210.72
02:20:43.493	84.00	209	253	209.20
02:20:43.766	84.00	208	253	208.98
02:20:44.005	84.25	208	251	208.16
02:20:44.245	83.75	209	253	209.68
02:20:44.518	84.25	208	253	208.27
02:20:44.757	84.25	208	253	208.05
02:20:45.031	84.75	206	252	206.42
02:20:45.270	83.75	209	253	209.46
02:20:45.509	85.00	205	253	205.82
02:20:45.783	84.75	206	252	206.09
02:20:46.022	85.25	204	253	204.57
02:20:46.295	84.75	205	253	205.98
02:20:46.535	85.25	204	253	204.57
02:20:46.774	85.50	203	252	203.54
02:20:47.047	85.75	202	253	202.61
02:20:47.287	85.50	203	252	203.32
02:20:47.526	85.75	202	252	202.61
02:20:47.799	85.75	202	253	202.50
02:20:48.039	86.25	200	253	200.87
02:20:48.312	85.75	202	253	202.28
02:20:48.551	86.25	200	252	200.87
02:20:48.791	86.25	200	253	200.65
02:20:49.064	86.00	201	253	201.47
02:20:49.303	86.75	199	252	199.13
02:20:49.577	86.25	200	253	200.43
02:20:49.816	86.75	199	253	199.02
02:20:50.055	86.50	199	253	199.62
02:20:50.329	86.75	198	251	198.91
02:20:50.568	87.00	197	253	197.99
02:20:50.841	87.00	197	253	197.88
02:20:51.081	86.50	199	252	199.51
02:20:51.320	87.25	197	253	197.28
02:20:51.593	86.75	198	253	198.58
02:20:51.832	87.50	196	252	196.36
02:20:52.072	87.25	196	253	196.84
02:20:52.345	87.50	196	253	196.14
02:20:52.584	87.75	195	253	195.21
02:20:52.858	88.25	193	252	193.47
02:20:53.097	87.75	194	253	194.88
02:20:53.336	88.25	193	253	193.47
02:20:53.610	88.25	193	252	193.25
02:20:53.849	88.50	192	252	192.44
02:20:54.123	88.25	193	253	193.14
02:20:54.362	88.50	192	253	192.44
02:20:54.601	88.25	193	252	193.14
02:20:54.874	88.75	191	253	191.62
02:20:55.114	88.75	191	253	191.40
02:20:55.353	89.00	190	252	190.59
02:20:55.626	89.00	190	253	190.48
02:20:55.866	89.00	190	253	190.48
02:20:56.139	89.00	190	253	190.48
02:20:56.378	89.25	189	252	189.66
02:20:56.618	89.50	188	253	188.74
02:20:56.891	89.50	188	252	188.63
02:20:57.130	89.50	188	252	188.63
02:20:57.404	89.75	187	253	187.81
02:20:57.643	89.75	187	253	187.70
02:20:57.882	90.00	186	252	186.89
02:20:58.156	89.75	187	253	187.59
02:20:58.395	90.00	186	253	186.89
02:20:58.668	90.25	185	253	185.96
02:20:58.908	90.25	185	252	185.85
02:20:59.147	90.00	186	253	186.67
02:20:59.426	90.75	184	253	184.33
02:20:59.660	90.75	184	252	184.00
02:20:59.899	91.00	183	252	183.19
02:21:00.172	90.50	184	253	184.71
02:21:00.412	91.00	183	252	183.30
02:21:00.685	91.25	182	253	182.26
02:21:00.924	91.25	182	253	182.15
02:21:01.164	91.25	182	253	182.15
02:21:01.437	91.50	181	252	181.34
02:21:01.676	91.75	180	253	180.41
02:21:01.950	91.75	180	253	180.30
02:21:02.189	91.75	180	252	180.30
02:21:02.428	92.00	179	253	179.49
02:21:02.702	92.25	178	253	178.56
02:21:02.941	92.00	179	252	179.27
02:21:03.180	92.25	178	252	178.56
02:21:03.454	92.25	178	253	178.45
02:21:03.693	92.00	179	253	179.27
02:21:03.966	92.75	176	252	176.93
02:21:04.205	92.50	177	253	177.42
02:21:04.445	92.75	176	253	176.71
02:21:04.718	93.00	175	252	175.79
02:21:04.957	93.00	175	253	175.68
02:21:05.231	92.75	176	253	176.49
02:21:05.470	93.50	174	253	174.16
02:21:05.709	93.50	173	252	173.83
02:21:05.983	93.50	173	253	173.83
02:21:06.222	93.50	173	253	173.83
02:21:06.496	93.75	173	251	173.01
02:21:06.735	93.75	172	253	172.90
02:21:06.974	93.75	172	253	172.90
02:21:07.247	93.50	173	252	173.72
02:21:07.487	93.75	173	253	173.01
02:21:07.726	94.00	172	253	172.09
02:21:07.999	93.75	172	252	172.79
02:21:08.239	93.50	173	253	173.72
02:21:08.512	94.25	171	253	171.38
02:21:08.751	94.50	170	253	170.24
02:21:08.991	94.00	171	252	171.76
02:21:09.264	93.50	173	253	173.61
02:21:09.503	94.50	170	252	170.57
02:21:09.777	95.25	167	252	167.68
02:21:10.016	95.25	167	253	167.35
02:21:10.255	95.00	168	253	168.17
02:21:10.529	95.25	167	253	167.46
02:21:10.768	95.25	167	252	167.35
02:21:11.007	95.50	166	253	166.54
02:21:11.281	95.50	166	253	166.43
02:21:11.520	95.50	166	252	166.43
02:21:11.793	95.75	165	253	165.61
02:21:12.033	95.50	166	253	166.32
02:21:12.272	95.75	165	252	165.61
02:21:12.545	96.25	163	253	163.87
02:21:12.785	95.75	165	252	165.28
02:21:13.058	96.25	163	253	163.87
02:21:13.297	96.50	162	252	162.84
02:21:13.537	96.50	162	253	162.73
02:21:13.810	96.50	162	253	162.73
02:21:14.049	96.50	162	252	162.73
02:21:14.288	97.00	161	253	161.10
02:21:14.562	96.50	162	253	162.51
02:21:14.801	97.00	161	253	161.10
02:21:15.075	96.75	161	252	161.69
02:21:15.314	97.25	160	253	160.17
02:21:15.553	97.25	159	253	159.95
02:21:15.827	97.50	159	251	159.14
02:21:16.066	97.00	160	253	160.66
02:21:16.339	97.75	158	253	158.43
02:21:16.578	98.00	157	252	157.29
02:21:16.818	97.75	157	253	157.99
02:21:17.091	97.50	158	253	158.92
02:21:17.330	97.50	159	253	159.03
02:21:17.604	98.00	157	252	157.40
02:21:17.843	98.25	156	253	156.36
02:21:18.082	97.75	157	253	157.88
02:21:18.356	98.50	155	252	155.66
02:21:18.595	98.50	155	253	155.33
02:21:18.834	98.25	156	253	156.14
02:21:19.108	98.50	155	252	155.44
02:21:19.347	98.75	154	252	154.51
02:21:19.620	98.75	154	253	154.40
02:21:19.860	99.00	153	253	153.59
02:21:20.099	98.75	154	252	154.29
02:21:20.372	99.25	152	253	152.77
02:21:20.612	99.25	152	253	152.55
02:21:20.885	99.25	152	252	152.55
02:21:21.124	99.25	152	253	152.55
02:21:21.364	99.50	151	253	151.74
02:21:21.637	99.75	150	253	150.81
02:21:21.876	99.75	150	252	150.70
02:21:22.116	99.25	152	253	152.33
02:21:22.389	100.00	150	252	150.11
02:21:22.628	100.00	149	252	149.78
02:21:22.902	100.25	148	253	148.96
02:21:23.141	99.75	150	253	150.48
02:21:23.380	100.25	149	253	149.07
02:21:23.654	100.50	148	252	148.04
02:21:23.893	100.50	147	253	147.93
02:21:24.166	100.75	147	253	147.11
02:21:24.406	101.00	146	253	146.19
02:21:24.645	100.75	146	252	146.89
02:21:24.918	100.75	147	253	147.00
02:21:25.158	101.00	146	253	146.19
02:21:25.431	101.25	145	253	145.26
02:21:25.670	101.25	145	252	145.15
02:21:25.909	101.25	145	252	145.15
02:21:26.183	101.25	145	253	145.15
02:21:26.422	101.75	143	253	143.52
02:21:26.661	101.75	143	253	143.30
02:21:26.935	101.75	143	252	143.30
02:21:27.174	101.75	143	253	143.30
02:21:27.448	101.75	143	253	143.30
02:21:27.687	102.00	142	252	142.49
02:21:27.926	102.25	141	253	141.56
02:21:28.200	101.75	143	253	143.08
02:21:28.439	102.25	141	253	141.67
02:21:28.712	102.25	141	253	141.45
02:21:28.951	102.50	140	251	140.64
02:21:29.191	102.00	142	253	142.16
02:21:29.464	102.50	140	253	140.75
02:21:29.703	102.75	139	253	139.71
02:21:29.977	103.00	138	252	138.79
02:21:30.216	102.75	139	253	139.49
02:21:30.455	103.00	138	253	138.79
02:21:30.729	103.25	137	253	137.86
02:21:30.968	103.00	138	253	138.57
02:21:31.207	103.00	138	252	138.68
02:21:31.481	103.25	137	253	137.86
02:21:31.720	103.50	136	253	136.94
02:21:31.993	103.50	136	253	136.83
02:21:32.233	102.50	140	251	140.08
02:21:32.472	103.75	136	253	136.45
02:21:32.745	103.75	135	253	135.90
02:21:32.985	104.00	135	253	135.09
02:21:33.258	103.00	138	252	138.24
02:21:33.497	103.75	136	253	136.23
02:21:33.737	104.00	135	253	135.09
02:21:34.010	104.50	133	253	133.35
02:21:34.249	104.25	133	252	133.94
02:21:34.523	104.50	133	253	133.24
02:21:34.762	104.50	133	253	133.13
02:21:35.001	104.75	132	253	132.31
02:21:35.275	105.00	131	252	131.39
02:21:35.514	104.75	132	252	132.09
02:21:35.753	105.00	131	253	131.39
02:21:36.027	105.00	131	253	131.28
02:21:36.266	105.25	130	253	130.46
02:21:36.539	105.25	130	252	130.35
02:21:36.779	105.00	131	253	131.17
02:21:37.018	105.00	131	253	131.28
02:21:37.291	105.50	129	253	129.65
02:21:37.531	105.25	130	252	130.24
02:21:37.804	105.75	128	253	128.72
02:21:38.043	105.75	128	253	128.50
02:21:38.282	105.75	128	253	128.50
02:21:38.556	106.00	127	251	127.69
02:21:38.795	105.50	129	253	129.21
02:21:39.069	106.25	126	253	126.98
02:21:39.308	106.00	127	253	127.47
02:21:39.547	106.25	126	253	126.76
02:21:39.821	106.50	125	252	125.84
02:21:40.060	106.50	125	253	125.73
02:21:40.299	106.50	125	253	125.73
02:21:40.573	106.75	124	253	124.91
02:21:40.812	106.75	124	252	124.80
02:21:41.085	106.75	124	253	124.80
02:21:41.324	107.00	123	253	123.99
02:21:41.564	106.75	124	253	124.69
02:21:41.837	106.75	124	251	124.80
02:21:42.076	106.75	124	253	124.80
02:21:42.350	107.00	123	253	123.99
02:21:42.589	106.75	124	253	124.69
02:21:42.828	107.25	123	252	123.17
02:21:43.102	107.25	122	253	122.95
02:21:43.341	107.50	122	253	122.14
02:21:43.580	107.50	122	253	122.03
02:21:43.854	107.25	122	252	122.84
02:21:44.093	107.25	122	253	122.95
02:21:44.366	107.75	121	253	121.32
02:21:44.606	107.75	121	253	121.10
02:21:44.845	107.50	121	252	121.92
02:21:45.118	107.50	122	252	122.03
02:21:45.358	108.25	119	253	119.58
02:21:45.631	108.25	119	253	119.25
02:21:45.870	108.50	118	252	118.44
02:21:46.110	108.50	118	253	118.33
02:21:46.383	108.25	119	253	119.14
02:21:46.623	108.75	117	253	117.62
02:21:46.896	108.75	117	253	117.40
02:21:47.135	108.25	119	252	119.03
02:21:47.375	108.50	118	253	118.44
02:21:47.648	108.75	117	253	117.51
02:21:47.887	109.25	115	253	115.77
02:21:48.127	108.75	117	252	117.18
02:21:48.400	109.00	116	252	116.59
02:21:48.639	108.75	117	253	117.29
02:21:48.913	109.25	115	253	115.77
02:21:49.152	109.25	115	252	115.55
02:21:49.391	109.50	114	253	114.74
02:21:49.665	109.50	114	253	114.63
02:21:49.904	109.75	113	253	113.81
02:21:50.177	109.50	114	252	114.52
02:21:50.417	109.75	113	253	113.81
02:21:50.656	110.00	112	253	112.89
02:21:50.929	109.75	113	253	113.59
02:21:51.169	109.50	114	253	114.52
02:21:51.442	110.25	112	252	112.18
02:21:51.681	110.25	111	252	111.85
02:21:51.921	110.00	112	253	112.67
02:21:52.194	110.50	111	253	111.15
02:21:52.433	110.50	110	252	110.93
02:21:52.673	110.50	110	253	110.93
02:21:52.946	110.50	110	253	110.93
02:21:53.185	110.50	110	253	110.93
02:21:53.459	110.75	110	252	110.11
02:21:53.698	110.75	110	253	110.00
02:21:53.937	111.00	109	253	109.19
02:21:54.211	110.75	109	253	109.89
02:21:54.450	111.00	109	252	109.19
02:21:54.723	111.25	108	252	108.26
02:21:54.963	111.25	108	253	108.15
02:21:55.202	110.75	109	253	109.78
02:21:55.475	111.25	108	253	108.37
02:21:55.715	111.50	107	252	107.34
02:21:55.988	111.00	108	253	108.86
02:21:56.227	111.50	107	253	107.45
02:21:56.466	111.75	106	253	106.41
02:21:56.740	111.75	106	252	106.30
02:21:56.979	112.00	105	253	105.49
02:21:57.218	112.00	105	253	105.38
02:21:57.492	111.50	107	253	107.01
02:21:57.731	111.75	106	252	106.41
02:21:58.005	111.50	107	252	107.12
02:21:58.244	112.00	105	253	105.60
02:21:58.483	112.25	104	253	104.56
02:21:58.757	112.25	104	252	104.45
02:21:58.996	112.25	104	253	104.45
02:21:59.269	112.50	103	253	103.64
02:21:59.508	112.50	103	253	103.53
02:21:59.748	112.50	103	252	103.53
02:22:00.021	112.75	102	253	102.71
02:22:00.260	112.25	104	253	104.23
02:22:00.534	112.50	103	253	103.64
02:22:00.773	113.00	101	253	101.90
02:22:01.012	112.50	103	252	103.31
02:22:01.286	113.00	101	252	101.90
02:22:01.525	112.25	104	253	104.12
02:22:01.764	113.25	101	253	101.19
02:22:02.038	113.25	100	252	100.75
02:22:02.277	113.00	101	253	101.57
02:22:02.550	113.00	101	253	101.68
02:22:02.790	113.00	101	253	101.68
02:22:03.029	113.25	100	252	100.86
02:22:03.302	113.00	101	253	101.57
02:22:03.542	113.50	100	253	100.05
02:22:03.815	113.75	99	253	99.01
02:22:04.054	113.75	98	252	98.90
02:22:04.294	113.75	98	253	98.90
02:22:04.567	114.00	98	252	98.09
02:22:04.806	113.75	98	252	98.79
02:22:05.046	113.75	98	253	98.90
02:22:05.319	114.25	97	253	97.27
02:22:05.558	114.00	97	252	97.87
02:22:05.832	114.25	97	253	97.16
02:22:06.071	113.75	98	253	98.68
02:22:06.310	114.25	97	252	97.27
02:22:06.584	114.50	96	253	96.24
02:22:06.823	114.50	96	253	96.13
02:22:07.096	114.25	96	252	96.94
02:22:07.336	114.75	95	253	95.42
02:22:07.575	114.75	95	251	95.20
02:22:07.848	115.00	94	253	94.39
02:22:08.088	114.50	95	253	95.91
02:22:08.327	115.00	94	252	94.50
02:22:08.600	115.50	92	253	92.65
02:22:08.839	115.00	94	253	94.06
02:22:09.113	114.75	95	252	95.09
02:22:09.352	115.25	93	253	93.57
02:22:09.591	115.25	93	253	93.35
02:22:09.865	115.25	93	252	93.35
02:22:10.104	115.00	94	253	94.17
02:22:10.378	115.00	94	253	94.28
02:22:10.617	115.50	92	252	92.65
02:22:10.856	115.50	92	252	92.43
02:22:11.129	115.50	92	253	92.43
02:22:11.369	115.25	93	252	93.24
02:22:11.642	115.75	91	253	91.72
02:22:11.881	116.00	90	253	90.69
02:22:12.121	115.75	91	252	91.39
02:22:12.394	115.50	92	253	92.32
02:22:12.633	116.00	90	253	90.80
02:22:12.873	116.00	90	252	90.58
02:22:13.146	116.00	90	253	90.58
02:22:13.385	116.25	89	252	89.76
02:22:13.659	116.50	88	253	88.84
02:22:13.898	115.75	91	252	91.17
02:22:14.137	116.00	90	252	90.69
02:22:14.411	116.50	88	253	88.95
02:22:14.650	116.50	88	253	88.73
02:22:14.923	116.50	88	252	88.73
02:22:15.163	116.00	90	253	90.36
02:22:15.402	116.50	88	253	88.95
02:22:15.675	116.75	87	252	87.91
02:22:15.915	116.50	88	253	88.62
02:22:16.154	116.75	87	253	87.91
02:22:16.427	117.00	86	252	86.99
02:22:16.667	116.75	87	253	87.69
02:22:16.940	117.00	86	253	86.99
02:22:17.179	116.75	87	251	87.69
02:22:17.419	117.25	86	253	86.17
02:22:17.692	117.25	85	253	85.95
02:22:17.931	117.25	85	252	85.95
02:22:18.205	117.00	86	253	86.77
02:22:18.444	117.50	85	253	85.25
02:22:18.683	117.50	85	252	85.03
02:22:18.957	117.50	85	253	85.03
02:22:19.196	117.75	84	253	84.21
02:22:19.435	117.50	84	252	84.92
02:22:19.709	117.75	84	253	84.21
02:22:19.948	117.50	84	253	84.92
02:22:20.221	117.75	84	251	84.21
02:22:20.461	118.00	83	253	83.29
02:22:20.700	117.75	83	253	83.99
02:22:20.973	117.75	84	252	84.10
02:22:21.212	118.00	83	253	83.29
02:22:21.452	118.00	83	253	83.18
02:22:21.726	118.25	82	252	82.36
02:22:21.965	118.25	82	253	82.25
02:22:22.238	118.00	83	252	83.07
02:22:22.478	118.25	82	253	82.36
02:22:22.717	118.50	81	253	81.44
02:22:22.990	118.25	82	252	82.14
02:22:23.230	118.25	82	253	82.25
02:22:23.503	118.50	81	252	81.44
02:22:23.742	118.00	82	252	82.96
02:22:23.981	118.25	82	253	82.36
02:22:24.255	118.50	81	253	81.44
02:22:24.494	118.50	81	252	81.33
02:22:24.768	118.75	80	253	80.51
02:22:25.007	118.75	80	253	80.40
02:22:25.246	119.00	79	252	79.59
02:22:25.520	118.50	81	253	81.11
02:22:25.759	118.75	80	253	80.51
02:22:26.032	119.00	79	252	79.59
02:22:26.272	118.50	81	253	81.11
02:22:26.511	119.00	79	252	79.70
02:22:26.784	119.00	79	252	79.48
02:22:27.023	119.25	78	253	78.66
02:22:27.263	119.25	78	253	78.55
02:22:27.536	118.50	80	252	81.00
02:22:27.775	119.50	78	253	78.06
02:22:28.049	119.00	79	253	79.26
02:22:28.288	119.50	77	252	77.85
02:22:28.527	119.25	78	253	78.44
02:22:28.801	119.75	76	253	76.92
02:22:29.040	119.75	76	252	76.70
02:22:29.279	119.25	78	253	78.33
02:22:29.553	119.50	77	253	77.74
02:22:29.792	119.75	76	251	76.81
02:22:30.065	119.75	76	253	76.70
02:22:30.305	119.25	78	253	78.33
02:22:30.544	120.00	76	252	76.11
02:22:30.817	120.00	75	253	75.78
02:22:31.057	120.00	75	252	75.78
02:22:31.330	119.75	76	253	76.59
02:22:31.569	120.00	75	253	75.89
02:22:31.809	120.25	70	252	70.30
02:22:32.082	120.25	65	253	65.51
02:22:32.321	120.00	66	253	66.32
02:22:32.561	120.00	66	252	66.43
02:22:32.834	120.25	60	252	60.96
02:22:33.073	120.00	61	253	61.66
02:22:33.347	120.25	56	252	56.29
02:22:33.586	120.00	56	253	57.00
02:22:33.825	120.75	40	253	40.62
02:22:34.099	120.00	42	252	42.74
02:22:34.338	120.50	32	253	32.08
02:22:34.611	120.75	17	253	17.00
02:22:34.851	120.50	8	252	8.38
02:22:35.090	120.50	0	253	-0.87
02:22:35.363	120.50	0	252	-1.85
02:22:35.603	121.00	0	253	-3.48
02:22:35.842	120.75	0	251	-2.89
02:22:36.115	121.00	0	253	-3.59
02:22:36.354	121.00	0	253	-3.70
02:22:36.628	121.25	0	252	-4.51
02:22:36.867	121.00	0	253	-3.81
02:22:37.106	121.25	0	252	-4.51
02:22:37.380	120.50	0	253	-2.18
02:22:37.619	121.25	0	252	-4.29
02:22:37.893	121.25	0	253	-4.63
02:22:38.132	121.25	0	252	-4.63
02:22:38.371	121.50	0	253	-5.44
02:22:38.645	121.50	0	252	-5.55
02:22:38.884	121.50	0	253	-5.55
02:22:39.123	121.50	0	251	-5.55
02:22:39.396	121.50	0	253	-5.55
02:22:39.636	121.25	0	252	-4.74
02:22:39.909	121.50	0	253	-5.44
02:22:40.148	121.75	0	252	-6.36
02:22:40.388	121.75	0	253	-6.48
02:22:40.661	121.75	0	252	-6.48
02:22:40.900	121.50	0	253	-5.66
02:22:41.174	121.75	0	252	-6.36
02:22:41.413	122.00	0	253	-7.29
02:22:41.652	122.00	0	252	-7.40
02:22:41.926	122.00	0	252	-7.40
02:22:42.165	122.00	0	252	-7.40
02:22:42.404	121.75	0	253	-6.58
02:22:42.678	122.25	0	252	-8.10
02:22:42.917	122.25	0	253	-8.32
02:22:43.190	122.00	0	252	-7.51
02:22:43.430	122.25	0	253	-8.22
02:22:43.669	122.00	0	253	-7.51
02:22:43.942	121.75	0	252	-6.59
02:22:44.182	122.50	0	253	-8.92
02:22:44.421	122.00	0	252	-7.62
02:22:44.694	122.50	0	253	-9.03
02:22:44.934	122.50	0	251	-9.25
02:22:45.207	122.00	0	253	-7.62
02:22:45.446	122.50	0	252	-9.03
02:22:45.685	122.50	0	253	-9.25
02:22:45.959	122.50	0	252	-9.25
02:22:46.198	122.75	0	253	-10.07
02:22:46.437	122.50	0	252	-9.36
02:22:46.711	122.50	0	253	-9.25
02:22:46.950	122.25	0	252	-8.44
02:22:47.224	122.50	0	253	-9.14
02:22:47.463	122.50	0	252	-9.25
02:22:47.702	122.75	0	253	-10.07
02:22:47.976	122.75	0	251	-10.18
02:22:48.215	123.00	0	253	-10.99
02:22:48.488	122.75	0	253	-10.28
02:22:48.727	123.25	0	252	-11.80
02:22:48.967	122.50	0	253	-9.58
02:22:49.240	122.75	0	252	-10.06
02:22:49.479	122.75	0	253	-10.18
02:22:49.719	123.00	0	252	-10.99
02:22:49.992	123.00	0	253	-11.10
02:22:50.231	123.00	0	253	-11.10
02:22:50.505	123.25	0	252	-11.91
02:22:50.744	123.00	0	253	-11.21
02:22:50.983	123.25	0	251	-11.91
02:22:51.257	123.00	0	253	-11.21
02:22:51.496	122.75	0	252	-10.29
02:22:51.769	123.25	0	253	-11.81
02:22:52.009	122.75	0	253	-10.39
02:22:52.248	123.00	0	252	-10.99
02:22:52.521	123.00	0	253	-11.10
02:22:52.761	123.50	0	252	-12.73
02:22:53.000	123.50	0	253	-12.95
02:22:53.273	123.25	0	252	-12.14
02:22:53.513	123.25	0	253	-12.03
02:22:53.786	123.25	0	253	-12.03
02:22:54.025	123.50	0	252	-12.84
02:22:54.265	123.50	0	252	-12.95
02:22:54.538	123.75	0	252	-13.76
02:22:54.777	123.50	0	253	-13.06
02:22:55.016	123.75	0	253	-13.77
02:22:55.290	124.00	0	252	-14.69
02:22:55.529	123.75	0	253	-13.98
02:22:55.803	124.00	0	252	-14.69
02:22:56.042	124.00	0	253	-14.80
02:22:56.281	124.00	0	252	-14.80
02:22:56.555	124.00	0	253	-14.80
02:22:56.794	124.00	0	252	-14.80
02:22:57.067	124.00	0	253	-14.80
02:22:57.307	124.00	0	252	-14.80
02:22:57.546	124.00	0	252	-14.80
02:22:57.819	124.00	0	253	-14.80
02:22:58.058	124.00	0	252	-14.80
02:22:58.298	124.00	0	253	-14.80
02:22:58.571	124.50	0	252	-16.43
02:22:58.810	124.25	0	253	-15.83
02:22:59.084	124.25	0	252	-15.73
02:22:59.323	124.25	0	253	-15.73
02:22:59.562	124.50	0	252	-16.54
02:22:59.836	124.50	0	253	-16.65
02:23:00.075	124.25	0	253	-15.83
02:23:00.349	123.75	0	251	-14.10
02:23:00.588	124.50	0	253	-16.32
02:23:00.827	124.00	0	252	-15.02
02:23:01.100	124.75	0	253	-17.25
02:23:01.340	124.50	0	252	-16.76
02:23:01.579	124.25	0	253	-15.83
02:23:01.852	124.75	0	253	-17.36
02:23:02.092	124.50	0	252	-16.76
02:23:02.365	124.50	0	253	-16.65
02:23:02.604	124.75	0	252	-17.46
02:23:02.844	124.50	0	253	-16.76
02:23:03.117	124.75	0	253	-17.47
02:23:03.356	124.75	0	251	-17.57
02:23:03.630	124.75	0	253	-17.57
02:23:03.869	124.50	0	252	-16.76
02:23:04.108	124.75	0	253	-17.47
02:23:04.382	124.50	0	252	-16.76
02:23:04.621	124.75	0	253	-17.47
02:23:04.860	124.50	0	253	-16.76
02:23:05.134	124.25	0	252	-15.84
02:23:05.373	124.75	0	253	-17.36
02:23:05.646	124.75	0	252	-17.57
02:23:05.886	125.00	0	253	-18.39
02:23:06.125	124.75	0	252	-17.69
02:23:06.398	125.00	0	252	-18.39
02:23:06.638	124.75	0	253	-17.68
02:23:06.911	125.00	0	252	-18.39
02:23:07.150	125.00	0	253	-18.50
02:23:07.389	124.75	0	252	-17.69
02:23:07.663	125.00	0	253	-18.39
02:23:07.902	125.00	0	253	-18.50
02:23:08.141	125.00	0	252	-18.50
02:23:08.415	125.00	0	253	-18.50
02:23:08.654	125.00	0	252	-18.50
02:23:08.928	125.00	0	253	-18.50
02:23:09.167	124.75	0	252	-17.69
02:23:09.406	125.00	0	252	-18.39
02:23:09.680	125.25	0	252	-19.31
02:23:09.919	125.00	0	253	-18.61
02:23:10.192	124.75	0	253	-17.68
02:23:10.431	124.75	0	252	-17.57
02:23:10.671	125.25	0	253	-19.21
02:23:10.944	125.00	0	252	-18.61
02:23:11.183	125.25	0	253	-19.32
02:23:11.423	125.25	0	252	-19.43
02:23:11.696	125.00	0	253	-18.61
02:23:11.935	125.25	0	253	-19.32
02:23:12.175	125.25	0	252	-19.43
02:23:12.448	124.75	0	253	-17.79
02:23:12.687	124.75	0	251	-17.57
02:23:12.961	125.00	0	253	-18.39
02:23:13.200	125.25	0	252	-19.31
02:23:13.439	125.25	0	253	-19.43
02:23:13.713	125.00	0	253	-18.61
02:23:13.952	125.25	0	252	-19.31
02:23:14.225	125.25	0	253	-19.43
02:23:14.465	125.50	0	252	-20.24
02:23:14.704	125.25	0	253	-19.53
02:23:14.977	125.25	0	252	-19.43
02:23:15.217	125.75	0	253	-21.06
02:23:15.456	125.25	0	253	-19.64
02:23:15.729	125.50	0	251	-20.24
02:23:15.969	125.00	0	253	-18.72
02:23:16.242	125.50	0	252	-20.13
02:23:16.481	125.50	0	253	-20.35
02:23:16.721	125.25	0	253	-19.53
02:23:16.994	125.25	0	252	-19.43
02:23:17.233	124.75	0	253	-17.79
02:23:17.507	125.25	0	252	-19.20
02:23:17.746	125.50	0	253	-20.24
02:23:17.985	125.25	0	252	-19.54
02:23:18.259	125.50	0	253	-20.24
02:23:18.498	125.25	0	253	-19.53
02:23:18.737	125.50	0	251	-20.24
02:23:19.011	125.00	0	253	-18.72
02:23:19.250	125.00	0	252	-18.50
02:23:19.523	125.50	0	253	-20.13
02:23:19.762	125.00	0	252	-18.72
02:23:20.002	125.50	0	253	-20.13
02:23:20.275	125.50	0	253	-20.35
02:23:20.514	125.50	0	252	-20.35
02:23:20.788	125.50	0	253	-20.35
02:23:21.027	125.75	0	252	-21.16
02:23:21.266	125.50	0	253	-20.46
02:23:21.540	125.50	0	252	-20.35
02:23:21.779	125.50	0	252	-20.35
02:23:22.018	125.50	0	253	-20.35
02:23:22.292	125.25	0	252	-19.54
02:23:22.531	125.25	0	253	-19.43
02:23:22.804	125.50	0	252	-20.24
02:23:23.044	125.75	0	253	-21.17
02:23:23.283	125.00	0	252	-18.83
02:23:23.556	125.25	0	253	-19.32
02:23:23.796	124.75	0	253	-17.79
02:23:24.035	125.25	0	252	-19.20
02:23:24.308	125.50	0	253	-20.24
02:23:24.548	125.50	0	252	-20.35
02:23:24.821	125.25	0	252	-19.54
02:23:25.060	124.75	0	252	-17.80
02:23:25.300	125.50	0	253	-20.02
02:23:25.573	125.00	0	253	-18.72
02:23:25.812	125.25	0	252	-19.31
02:23:26.086	125.25	0	253	-19.43
02:23:26.325	125.50	0	252	-20.24
02:23:26.564	125.50	0	253	-20.35
02:23:26.838	125.75	0	253	-21.17
02:23:27.077	125.50	0	252	-20.46
02:23:27.316	125.50	0	253	-20.35
02:23:27.590	125.75	0	252	-21.16
02:23:27.829	125.25	0	252	-19.65
02:23:28.102	125.00	0	252	-18.61
02:23:28.342	125.50	0	253	-20.13
02:23:28.581	125.50	0	253	-20.35
02:23:28.854	125.75	0	252	-21.16
02:23:29.093	125.50	0	253	-20.46
02:23:29.367	125.50	0	252	-20.35
02:23:29.606	125.50	0	253	-20.35
02:23:29.845	125.00	0	252	-18.72
02:23:30.119	125.50	0	253	-20.13
02:23:30.358	125.50	0	253	-20.35
02:23:30.597	125.50	0	252	-20.35
02:23:30.871	125.50	0	253	-20.35
02:23:31.110	125.50	0	251	-20.35
02:23:31.384	125.25	0	253	-19.53
02:23:31.623	125.50	0	252	-20.24
02:23:31.862	125.25	0	253	-19.53
02:23:32.135	125.25	0	252	-19.43
02:23:32.375	125.25	0	253	-19.43
02:23:32.648	125.50	0	253	-20.24
02:23:32.887	125.50	0	252	-20.35
02:23:33.127	125.25	0	253	-19.53
02:23:33.400	125.50	0	252	-20.24
02:23:33.639	125.00	0	253	-18.72
02:23:33.879	125.50	0	252	-20.13
02:23:34.152	125.50	0	252	-20.35
02:23:34.391	125.00	0	253	-18.72
02:23:34.665	125.50	0	252	-20.13
02:23:34.904	125.00	0	253	-18.72
02:23:35.143	125.00	0	252	-18.50
02:23:35.417	125.50	0	253	-20.13
02:23:35.656	125.25	0	252	-19.54
02:23:35.929	125.25	0	253	-19.43
02:23:36.169	125.50	0	253	-20.24
02:23:36.408	125.25	0	252	-19.54
02:23:36.681	125.25	0	253	-19.43
02:23:36.921	125.25	0	252	-19.43
02:23:37.160	125.00	0	252	-18.61
02:23:37.433	125.25	0	253	-19.32
02:23:37.673	125.25	0	252	-19.43
02:23:37.946	125.25	0	253	-19.43
02:23:38.185	125.00	0	252	-18.61
02:23:38.425	125.25	0	253	-19.32
02:23:38.698	124.75	0	252	-17.80
02:23:38.937	125.25	0	253	-19.21
02:23:39.176	125.00	0	253	-18.61
02:23:39.450	125.00	0	252	-18.50
02:23:39.689	125.25	0	253	-19.32
02:23:39.963	124.50	0	252	-16.98
02:23:40.202	125.25	0	252	-19.09
02:23:40.441	125.25	0	252	-19.43
02:23:40.715	125.00	0	253	-18.61
02:23:40.954	125.00	0	253	-18.50
02:23:41.227	124.75	0	252	-17.69
02:23:41.466	124.75	0	253	-17.57
02:23:41.706	124.75	0	252	-17.57
02:23:41.979	124.75	0	253	-17.57
02:23:42.218	125.00	0	252	-18.39
02:23:42.458	125.00	0	253	-18.50
02:23:42.731	125.00	0	253	-18.50
02:23:42.970	125.00	0	252	-18.50
02:23:43.244	124.75	0	252	-17.69
02:23:43.483	125.00	0	252	-18.39
02:23:43.722	125.00	0	253	-18.50
02:23:43.996	125.00	0	252	-18.50
02:23:44.235	124.75	0	253	-17.68
02:23:44.508	125.00	0	252	-18.39
02:23:44.748	125.25	0	253	-19.32
02:23:44.980	124.25	0	253	-16.16
02:23:45.246	124.75	0	252	-17.35
02:23:45.511	124.50	0	253	-16.76
02:23:45.744	124.75	0	252	-17.46
02:23:46.009	124.00	0	253	-15.13
02:23:46.242	124.75	0	251	-17.24
02:23:46.507	124.50	0	253	-16.76
02:23:46.773	124.75	0	253	-17.47
02:23:47.006	124.25	0	252	-15.95
02:23:47.271	125.00	0	253	-18.17
02:23:47.504	124.50	0	252	-16.87
02:23:47.769	124.50	0	253	-16.65
02:23:48.035	124.50	0	253	-16.65
02:23:48.267	124.00	0	252	-15.02
02:23:48.533	124.50	0	253	-16.43
02:23:48.765	124.50	0	252	-16.65
02:23:49.031	124.25	0	253	-15.83
02:23:49.297	124.75	0	251	-17.35
02:23:49.529	124.50	0	253	-16.76
02:23:49.795	124.75	0	253	-17.47
02:23:50.027	124.75	0	252	-17.57
02:23:50.293	124.50	0	253	-16.76
02:23:50.558	124.50	0	252	-16.65
02:23:50.791	124.25	0	253	-15.83
02:23:51.056	124.50	0	252	-16.54
02:23:51.289	124.50	0	253	-16.65
02:23:51.554	124.50	0	253	-16.65
02:23:51.821	124.50	0	252	-16.65
02:23:52.053	124.50	0	253	-16.65
02:23:52.319	124.50	0	252	-16.65
02:23:52.551	124.00	0	252	-15.02
02:23:52.817	124.25	0	252	-15.61
02:23:53.083	124.50	0	253	-16.54
02:23:53.315	124.50	0	252	-16.65
02:23:53.581	124.50	0	253	-16.65
02:23:53.813	124.25	0	253	-15.83
02:23:54.079	124.00	0	252	-14.91
02:23:54.344	124.50	0	253	-16.43
02:23:54.577	124.50	0	252	-16.65
02:23:54.842	124.25	0	253	-15.83
02:23:55.075	124.25	0	252	-15.73
02:23:55.340	124.50	0	253	-16.54
02:23:55.606	124.00	0	252	-15.02
02:23:55.838	124.00	0	252	-14.80
02:23:56.104	124.25	0	253	-15.62
02:23:56.337	124.25	0	252	-15.73
02:23:56.602	124.50	0	253	-16.54
02:23:56.868	123.50	0	252	-13.39
02:23:57.100	124.25	0	253	-15.40
02:23:57.366	124.00	0	253	-14.91
02:23:57.598	123.75	0	252	-13.99
02:23:57.864	124.25	0	253	-15.51
02:23:58.129	124.25	0	252	-15.73
02:23:58.362	124.00	0	253	-14.91
02:23:58.629	123.25	0	251	-12.36
02:23:58.861	123.00	0	253	-11.21
02:23:59.127	124.25	0	253	-15.18
02:23:59.392	124.00	0	252	-14.91
02:23:59.625	124.00	0	253	-14.80
02:23:59.890	123.75	0	252	-13.99
02:24:00.123	124.00	0	253	-14.69
02:24:00.388	123.50	0	253	-13.17
02:24:00.654	124.00	0	252	-14.58
02:24:00.886	124.00	0	253	-14.80
02:24:01.152	124.00	0	252	-14.80
02:24:01.384	124.00	0	253	-14.80
02:24:01.650	123.00	0	251	-11.54
02:24:01.916	124.00	0	253	-14.36
02:24:02.148	123.75	0	252	-13.99
02:24:02.414	123.50	0	253	-13.06
02:24:02.646	124.00	0	253	-14.58
02:24:02.912	123.50	0	252	-13.17
02:24:03.177	123.75	0	253	-13.77
02:24:03.410	123.75	0	252	-13.88
02:24:03.675	123.50	0	253	-13.06
02:24:03.908	123.25	0	253	-12.13
02:24:04.173	123.75	0	252	-13.65
02:24:04.439	123.50	0	253	-13.06
02:24:04.671	123.50	0	251	-12.95
02:24:04.937	123.50	0	253	-12.95
02:24:05.169	123.75	0	252	-13.76
02:24:05.435	123.25	0	253	-12.24
02:24:05.701	123.50	0	253	-12.84
02:24:05.933	123.00	0	252	-11.32
02:24:06.199	123.50	0	253	-12.73
02:24:06.431	123.50	0	252	-12.95
02:24:06.697	123.50	0	253	-12.95
02:24:06.962	123.25	0	252	-12.14
02:24:07.195	123.50	0	253	-12.84
02:24:07.461	122.75	0	253	-10.50
02:24:07.693	123.25	0	251	-11.80
02:24:07.959	123.25	0	253	-12.03
02:24:08.224	123.00	0	252	-11.21
02:24:08.457	123.25	0	253	-11.92
02:24:08.722	123.00	0	252	-11.21
02:24:08.955	123.50	0	253	-12.73
02:24:09.220	123.00	0	253	-11.32
02:24:09.486	123.00	0	252	-11.10
02:24:09.718	123.00	0	253	-11.10
02:24:09.984	123.25	0	252	-11.91
02:24:10.216	122.75	0	253	-10.39
02:24:10.482	123.25	0	252	-11.80
02:24:10.748	123.25	0	253	-12.03
02:24:10.980	122.75	0	252	-10.40
02:24:11.246	122.75	0	252	-10.18
02:24:11.478	122.75	0	253	-10.18
02:24:11.744	123.00	0	252	-10.99
02:24:12.009	122.75	0	253	-10.28
02:24:12.242	122.50	0	252	-9.36
02:24:12.507	122.75	0	253	-10.07
02:24:12.740	123.00	0	253	-10.99
02:24:13.005	122.50	0	252	-9.47
02:24:13.271	123.00	0	253	-10.88
02:24:13.503	123.00	0	252	-11.10
02:24:13.769	122.75	0	253	-10.28
02:24:14.001	123.00	0	251	-10.99
02:24:14.267	122.75	0	253	-10.28
02:24:14.533	122.75	0	253	-10.18
02:24:14.765	122.50	0	252	-9.36
02:24:15.031	122.75	0	253	-10.07
02:24:15.263	123.00	0	252	-10.99
02:24:15.529	122.75	0	253	-10.28
02:24:15.794	122.75	0	252	-10.18
02:24:16.027	122.50	0	253	-9.36
02:24:16.292	122.50	0	252	-9.25
02:24:16.525	122.75	0	253	-10.07
02:24:16.791	122.75	0	253	-10.18
02:24:17.056	122.25	0	251	-8.55
02:24:17.289	122.50	0	253	-9.14
02:24:17.554	122.25	0	252	-8.44
02:24:17.787	122.75	0	253	-9.96
02:24:18.052	122.50	0	252	-9.36
02:24:18.318	122.25	0	253	-8.43
02:24:18.550	122.25	0	252	-8.32
02:24:18.816	122.25	0	253	-8.32
02:24:19.048	122.00	0	252	-7.51
02:24:19.314	122.50	0	253	-9.03
02:24:19.580	122.00	0	252	-7.62
02:24:19.812	122.00	0	253	-7.40
02:24:20.078	122.00	0	251	-7.40
02:24:20.310	122.25	0	253	-8.22
02:24:20.576	122.25	0	252	-8.32
02:24:20.841	121.75	0	253	-6.69
02:24:21.074	121.50	0	252	-5.66
02:24:21.339	121.25	0	253	-4.73
02:24:21.572	121.75	0	253	-6.26
02:24:21.837	122.00	0	252	-7.29
02:24:22.103	121.75	0	253	-6.58
02:24:22.335	122.00	0	252	-7.29
02:24:22.601	122.25	0	253	-8.22
02:24:22.833	122.00	0	252	-7.51
02:24:23.099	121.50	0	252	-5.77
02:24:23.365	122.00	0	252	-7.18
02:24:23.597	121.75	0	253	-6.58
02:24:23.863	121.00	0	252	-4.03
02:24:24.095	121.25	0	253	-4.52
02:24:24.361	121.75	0	252	-6.25
02:24:24.626	121.75	0	253	-6.48
02:24:24.859	121.75	0	252	-6.48
02:24:25.124	121.75	0	253	-6.48
02:24:25.357	121.75	0	252	-6.48
02:24:25.623	121.25	0	253	-4.84
02:24:25.861	121.75	0	253	-6.26
02:24:26.134	121.75	0	251	-6.48
02:24:26.374	121.50	0	253	-5.66
02:24:26.647	121.75	0	252	-6.36
02:24:26.886	121.25	0	253	-4.84
02:24:27.125	121.25	0	252	-4.63
02:24:27.399	121.00	0	253	-3.81
02:24:27.638	121.25	0	252	-4.51
02:24:27.877	121.75	0	253	-6.26
02:24:28.151	121.50	0	252	-5.66
02:24:28.390	121.25	0	253	-4.73
02:24:28.664	121.50	0	252	-5.44
02:24:28.903	121.50	0	253	-5.55
02:24:29.142	121.50	0	251	-5.55
02:24:29.415	121.25	0	253	-4.73
02:24:29.655	121.25	0	252	-4.63
02:24:29.894	121.50	0	253	-5.44
02:24:30.167	121.25	0	252	-4.74
02:24:30.407	120.75	0	253	-2.99
02:24:30.680	121.25	0	253	-4.41
02:24:30.919	121.00	0	252	-3.81
02:24:31.159	121.00	0	253	-3.70
02:24:31.432	121.25	0	252	-4.51
02:24:31.671	121.25	0	253	-4.63
02:24:31.945	120.50	0	252	-2.18
02:24:32.184	120.75	0	252	-2.66
02:24:32.423	121.25	0	252	-4.40
02:24:32.697	121.25	0	253	-4.63
02:24:32.936	120.50	0	252	-2.18
02:24:33.175	121.00	0	253	-3.48
02:24:33.449	120.75	0	252	-2.89
02:24:33.688	121.00	0	253	-3.59
02:24:33.961	120.75	0	252	-2.89
02:24:34.201	121.00	0	253	-3.59
02:24:34.440	121.00	0	252	-3.70
02:24:34.713	120.75	0	253	-2.88
02:24:34.953	120.75	0	252	-2.78
02:24:35.226	121.00	0	252	-3.59
02:24:35.465	120.75	0	252	-2.89
02:24:35.705	120.50	0	253	-1.96
02:24:35.978	121.00	0	253	-3.48
02:24:36.217	120.50	0	252	-2.07
02:24:36.456	120.75	0	253	-2.67
02:24:36.730	120.50	0	252	-1.96
02:24:36.969	120.75	0	253	-2.67
02:24:37.243	120.75	0	252	-2.78
02:24:37.482	120.50	0	253	-1.96
02:24:37.721	120.50	0	252	-1.85
02:24:37.995	120.00	0	253	-0.22
02:24:38.234	120.25	0	251	-0.81
02:24:38.473	120.50	0	253	-1.74
02:24:38.746	120.50	0	252	-1.85
02:24:38.986	120.50	0	253	-1.85
02:24:39.259	120.25	0	252	-1.04
02:24:39.498	120.25	0	253	-0.93
02:24:39.738	120.25	0	252	-0.93
02:24:40.011	120.50	0	253	-1.74
02:24:40.250	120.25	0	252	-1.04
02:24:40.490	120.00	0	253	-0.11
02:24:40.763	120.00	0	252	0.00
02:24:41.002	120.25	0	253	-0.82
02:24:41.276	120.25	0	251	-0.93
02:24:41.515	120.00	0	253	-0.11
02:24:41.754	120.25	0	252	-0.81
02:24:42.028	120.25	0	253	-0.93
02:24:42.267	119.75	5	252	5.37
02:24:42.540	120.00	4	253	4.77
02:24:42.780	120.00	4	253	4.66
02:24:43.019	119.25	21	252	21.09
02:24:43.292	120.25	13	253	13.48
02:24:43.532	119.75	19	252	19.33
02:24:43.771	119.50	29	253	29.73
02:24:44.044	119.00	50	253	50.19
02:24:44.284	119.50	58	251	58.07
02:24:44.557	120.00	56	253	56.22
02:24:44.796	119.50	66	253	66.99
02:24:45.036	119.00	79	252	79.26
02:24:45.309	119.50	77	253	77.85
02:24:45.548	119.75	76	253	76.81
02:24:45.822	119.50	77	252	77.52
02:24:46.061	119.50	77	253	77.63
02:24:46.300	119.75	76	253	76.81
02:24:46.574	119.50	77	252	77.52
02:24:46.813	119.50	77	253	77.63
02:24:47.052	119.50	77	253	77.63
02:24:47.326	119.75	76	251	76.81
02:24:47.565	119.50	77	253	77.52
02:24:47.838	119.50	77	253	77.63
02:24:48.078	119.50	77	252	77.63
02:24:48.317	119.50	77	253	77.63
02:24:48.590	119.50	77	253	77.63
02:24:48.829	119.50	77	252	77.63
02:24:49.103	119.25	78	253	78.44
02:24:49.342	119.50	77	253	77.74
02:24:49.581	119.00	79	252	79.26
02:24:49.855	119.50	77	253	77.85
02:24:50.094	119.50	77	253	77.63
02:24:50.333	119.50	77	252	77.63
02:24:50.607	119.00	79	252	79.26
02:24:50.846	119.50	77	253	77.85
02:24:51.119	118.25	81	252	81.70
02:24:51.359	119.00	79	253	79.81
02:24:51.598	119.25	78	253	78.66
02:24:51.871	119.25	78	252	78.55
02:24:52.111	119.25	78	253	78.55
02:24:52.384	119.25	78	252	78.55
02:24:52.623	118.75	80	253	80.18
02:24:52.863	119.25	78	253	78.77
02:24:53.136	118.75	80	252	80.18
02:24:53.375	119.25	78	253	78.77
02:24:53.649	119.00	79	252	79.37
02:24:53.888	119.00	79	252	79.48
02:24:54.127	119.00	79	253	79.48
02:24:54.401	119.00	79	253	79.48
02:24:54.640	119.00	79	252	79.48
02:24:54.879	119.00	79	253	79.48
02:24:55.153	118.75	80	253	80.29
02:24:55.392	118.50	81	252	81.22
02:24:55.665	118.75	80	253	80.51
02:24:55.905	118.75	80	253	80.40
02:24:56.144	119.00	79	252	79.59
02:24:56.417	118.25	81	253	81.92
02:24:56.657	118.75	80	253	80.62
02:24:56.930	118.50	81	251	81.22
02:24:57.169	118.50	81	253	81.33
02:24:57.409	118.50	81	253	81.33
02:24:57.682	118.50	81	252	81.33
02:24:57.921	118.00	82	253	82.96
02:24:58.160	118.75	80	252	80.73
02:24:58.434	118.50	81	253	81.22
02:24:58.673	118.50	81	253	81.33
02:24:58.947	118.25	82	252	82.14
02:24:59.186	118.00	83	253	83.07
02:24:59.425	118.50	81	253	81.55
02:24:59.699	118.00	82	252	82.96
02:24:59.938	118.75	80	252	80.73
02:25:00.211	118.50	81	253	81.22
02:25:00.450	118.00	82	252	82.96
02:25:00.690	118.50	81	253	81.55
02:25:00.963	118.25	82	253	82.14
02:25:01.202	117.50	84	252	84.70
02:25:01.442	118.00	83	253	83.40
02:25:01.715	117.75	83	253	83.99
02:25:01.954	118.00	83	252	83.29
02:25:02.228	118.00	83	253	83.18
02:25:02.467	118.25	82	253	82.36
02:25:02.706	118.25	82	252	82.25
02:25:02.980	117.75	83	253	83.88
02:25:03.219	118.25	82	252	82.47
02:25:03.458	117.75	83	252	83.88
02:25:03.732	118.00	83	253	83.29
02:25:03.971	117.50	84	253	84.81
02:25:04.244	118.00	83	252	83.40
02:25:04.484	118.00	83	253	83.18
02:25:04.723	118.00	83	253	83.18
02:25:04.996	118.00	83	252	83.18
02:25:05.236	117.75	83	253	83.99
02:25:05.509	117.75	84	253	84.10
02:25:05.748	117.75	84	252	84.10
02:25:05.988	117.75	84	253	84.10
02:25:06.261	118.00	83	251	83.29
02:25:06.500	117.50	84	253	84.81
02:25:06.774	118.00	83	253	83.40
02:25:07.013	117.50	84	252	84.81
02:25:07.252	117.75	84	253	84.21
02:25:07.526	117.75	84	253	84.10
02:25:07.765	117.50	84	252	84.92
02:25:08.004	117.25	85	253	85.84
02:25:08.278	117.75	84	253	84.32
02:25:08.517	117.50	84	252	84.92
02:25:08.790	117.50	85	253	85.03
02:25:09.030	117.25	85	253	85.84
02:25:09.269	117.50	85	251	85.14
02:25:09.542	117.50	85	253	85.03
02:25:09.782	117.50	85	253	85.03
02:25:10.055	117.25	85	252	85.84
02:25:10.294	117.50	85	253	85.14
02:25:10.533	117.25	85	253	85.84
02:25:10.807	117.25	85	252	85.95
02:25:11.046	115.75	90	253	90.84
02:25:11.285	117.50	85	253	85.79
02:25:11.559	117.25	85	252	85.84
02:25:11.798	117.25	85	253	85.95
02:25:12.072	115.50	91	253	91.66
02:25:12.311	117.50	85	252	85.91
02:25:12.552	117.50	85	252	85.03
02:25:12.823	117.50	85	252	85.03
02:25:13.063	115.75	90	253	90.73
02:25:13.336	117.50	85	253	85.79
02:25:13.575	117.50	85	252	85.03
02:25:13.815	117.50	85	253	85.03
02:25:14.088	116.00	89	253	89.92
02:25:14.327	117.50	85	252	85.69
02:25:14.567	117.25	85	253	85.84
02:25:14.840	117.00	86	253	86.77
02:25:15.079	117.25	86	252	86.06
02:25:15.353	116.75	87	253	87.58
02:25:15.594	117.00	86	253	86.99
02:25:15.831	117.50	85	251	85.25
02:25:16.105	117.00	86	253	86.66
02:25:16.344	117.25	86	253	86.06
02:25:16.617	117.25	85	252	85.95
02:25:16.857	117.00	86	253	86.77
02:25:17.096	117.25	86	253	86.06
02:25:17.369	117.00	86	252	86.77
02:25:17.609	116.50	88	253	88.51
02:25:17.848	117.25	86	253	86.28
02:25:18.121	117.25	85	252	85.95
02:25:18.361	117.25	85	253	85.95
02:25:18.634	117.00	86	253	86.77
02:25:18.873	117.00	86	251	86.88
02:25:19.113	117.00	86	253	86.88
02:25:19.386	117.25	86	253	86.06
02:25:19.625	116.75	87	252	87.58
02:25:19.899	116.75	87	253	87.80
02:25:20.138	117.00	86	252	86.99
02:25:20.377	117.00	86	253	86.88
02:25:20.651	117.00	86	253	86.88
02:25:20.890	116.75	87	252	87.69
02:25:21.163	116.75	87	253	87.80
02:25:21.403	117.00	86	253	86.99
02:25:21.642	116.75	87	252	87.69
02:25:21.915	116.75	87	252	87.80
02:25:22.155	116.75	87	253	87.80
02:25:22.394	116.75	87	252	87.80
02:25:22.667	116.75	87	253	87.80
02:25:22.906	116.50	88	252	88.62
02:25:23.180	117.00	87	253	87.10
02:25:23.419	116.50	88	253	88.51
02:25:23.658	116.50	88	252	88.73
02:25:23.932	117.00	87	253	87.10
02:25:24.171	116.75	87	253	87.69
02:25:24.445	116.50	88	252	88.62
02:25:24.684	117.00	87	253	87.10
02:25:24.923	116.75	87	253	87.69
02:25:25.196	117.00	86	251	86.99
02:25:25.436	116.75	87	253	87.69
02:25:25.675	116.75	87	253	87.80
02:25:25.948	117.00	86	252	86.99
02:25:26.188	116.50	88	253	88.51
02:25:26.461	116.75	87	253	87.91
02:25:26.700	116.25	89	252	89.43
02:25:26.940	116.50	88	253	88.84
02:25:27.213	116.50	88	253	88.73
02:25:27.452	116.75	87	252	87.91
02:25:27.726	116.50	88	253	88.62
02:25:27.965	116.25	89	253	89.54
02:25:28.204	116.75	88	251	88.02
02:25:28.478	116.75	87	253	87.80
02:25:28.717	116.75	87	253	87.80
02:25:28.956	116.00	90	252	90.25
02:25:29.230	116.75	88	253	88.13
02:25:29.469	116.50	88	253	88.62
02:25:29.742	116.50	88	252	88.73
02:25:29.982	116.00	90	253	90.36
02:25:30.221	116.50	88	253	88.95
02:25:30.494	116.75	87	252	87.91
02:25:30.734	116.75	87	253	87.80
02:25:31.007	116.25	89	252	89.43
02:25:31.246	116.75	88	253	88.02
02:25:31.486	116.25	89	252	89.43
02:25:31.759	116.50	88	252	88.84
02:25:31.998	116.50	88	253	88.73
02:25:32.237	116.50	88	253	88.73
02:25:32.511	116.50	88	252	88.73
02:25:32.750	116.50	88	253	88.73
02:25:33.024	116.50	88	253	88.73
02:25:33.263	117.00	87	252	87.10
02:25:33.502	116.75	87	253	87.69
02:25:33.776	116.50	88	253	88.62
02:25:34.015	116.50	88	252	88.73
02:25:34.254	116.75	87	253	87.91
02:25:34.527	116.75	87	252	87.80
02:25:34.767	116.50	88	252	88.62
02:25:35.040	116.25	89	253	89.54
02:25:35.279	116.50	88	253	88.84
02:25:35.519	116.75	87	252	87.91
02:25:35.792	116.50	88	253	88.62
02:25:36.031	116.50	88	253	88.73
02:25:36.305	116.75	87	252	87.91
02:25:36.544	116.75	87	253	87.80
02:25:36.783	116.75	87	252	87.80
02:25:37.057	116.50	88	253	88.62
02:25:37.296	116.50	88	253	88.73
02:25:37.569	116.75	87	251	87.91
02:25:37.809	117.00	86	253	86.99
02:25:38.048	116.75	87	253	87.69
02:25:38.321	116.50	88	252	88.62
02:25:38.561	116.75	87	253	87.91
02:25:38.800	116.00	90	253	90.25
02:25:39.073	116.25	89	252	89.76
02:25:39.313	116.25	89	253	89.65
02:25:39.586	116.50	88	253	88.84
02:25:39.825	117.00	87	252	87.10
02:25:40.065	116.75	87	253	87.69
02:25:40.338	116.75	87	253	87.80
02:25:40.577	117.00	86	252	86.99
02:25:40.851	116.50	88	252	88.51
02:25:41.090	116.50	88	253	88.73
02:25:41.329	116.75	87	252	87.91
02:25:41.603	116.75	87	253	87.80
02:25:41.842	117.00	86	253	86.99
02:25:42.081	117.00	86	252	86.88
02:25:42.355	117.00	86	253	86.88
02:25:42.594	117.00	86	252	86.88
02:25:42.867	117.00	86	253	86.88
02:25:43.107	117.00	86	253	86.88
02:25:43.346	116.75	87	252	87.69
02:25:43.619	117.00	86	253	86.99
02:25:43.859	117.00	86	253	86.88
02:25:44.132	116.50	88	251	88.50
02:25:44.371	116.75	87	253	87.91
02:25:44.610	117.00	86	253	86.99
02:25:44.884	116.50	88	252	88.51
02:25:45.123	116.75	87	253	87.91
02:25:45.362	117.00	86	253	86.99
02:25:45.636	117.00	86	252	86.88
02:25:45.875	117.00	86	253	86.88
02:25:46.149	116.75	87	253	87.69
02:25:46.388	117.00	86	252	86.99
02:25:46.627	116.75	87	253	87.69
02:25:46.900	116.50	88	253	88.62
02:25:47.140	117.00	87	251	87.10
02:25:47.413	117.00	86	253	86.88
02:25:47.652	116.75	87	252	87.69
02:25:47.892	117.00	86	253	86.99
02:25:48.165	117.00	86	253	86.88
02:25:48.404	117.00	86	252	86.88
02:25:48.644	117.00	86	253	86.88
02:25:48.917	116.75	87	253	87.69
02:25:49.156	117.00	86	252	86.99
02:25:49.430	117.00	86	253	86.88
02:25:49.669	117.25	86	253	86.06
02:25:49.908	116.75	87	252	87.58
02:25:50.182	117.00	86	252	86.99
02:25:50.421	117.25	86	253	86.06
02:25:50.694	117.00	86	252	86.77
02:25:50.934	116.25	89	253	89.32
02:25:51.173	117.00	87	253	87.21
02:25:51.446	117.00	86	252	86.88
02:25:51.686	117.25	86	253	86.06
02:25:51.925	116.50	88	253	88.40
02:25:52.198	117.25	86	252	86.28
02:25:52.438	117.00	86	253	86.77
02:25:52.711	116.75	87	253	87.69
02:25:52.950	116.75	87	252	87.80
02:25:53.190	117.25	86	253	86.17
02:25:53.463	117.00	86	251	86.77
02:25:53.702	117.00	86	253	86.88
02:25:53.976	116.00	90	253	90.14
02:25:54.215	117.00	87	252	87.32
02:25:54.454	116.50	88	253	88.51
02:25:54.728	117.00	87	253	87.10
02:25:54.967	117.00	86	252	86.88
02:25:55.240	117.25	86	253	86.06
02:25:55.480	117.50	85	253	85.14
02:25:55.719	117.00	86	252	86.66
02:25:55.992	117.00	86	253	86.88
02:25:56.232	117.50	85	253	85.25
02:25:56.471	117.00	86	251	86.65
02:25:56.745	117.00	86	253	86.88
02:25:56.984	117.00	86	253	86.88
02:25:57.257	117.25	86	252	86.06
02:25:57.497	117.50	85	253	85.14
02:25:57.736	117.00	86	253	86.66
02:25:58.009	117.00	86	252	86.88
02:25:58.249	116.75	87	253	87.69
02:25:58.522	117.00	86	252	86.99
02:25:58.761	117.50	85	253	85.25
02:25:59.000	117.50	85	253	85.03
02:25:59.273	117.00	86	252	86.66
02:25:59.512	117.50	85	253	85.25
02:25:59.751	117.25	85	252	85.84
02:26:00.025	117.25	85	252	85.95
02:26:00.264	117.75	84	253	84.32
02:26:00.538	117.25	85	253	85.73
02:26:00.777	117.50	85	252	85.14
02:26:01.016	117.50	85	253	85.03
02:26:01.290	117.75	84	253	84.21
02:26:01.529	117.00	86	252	86.55
02:26:01.802	117.25	86	253	86.06
02:26:02.042	117.25	85	253	85.95
02:26:02.281	117.50	85	252	85.14
02:26:02.554	117.75	84	253	84.21
02:26:02.793	117.75	84	252	84.10
02:26:03.033	117.75	84	252	84.10
02:26:03.306	117.50	84	253	84.92
02:26:03.545	118.00	83	253	83.40
02:26:03.819	117.25	85	252	85.62
02:26:04.058	117.25	85	253	85.95
02:26:04.297	118.00	83	253	83.51
02:26:04.573	117.75	83	252	83.99
02:26:04.810	117.75	84	253	84.10
02:26:05.049	117.25	85	253	85.73
02:26:05.323	117.50	85	252	85.14
02:26:05.562	117.75	84	253	84.21
02:26:05.835	117.50	84	253	84.92
02:26:06.077	118.00	83	251	83.40
02:26:06.314	117.75	83	253	83.99
02:26:06.589	117.25	85	252	85.73
02:26:06.827	118.00	83	253	83.51
02:26:07.101	117.50	84	253	84.81
02:26:07.338	117.50	85	253	85.03
02:26:07.578	117.25	85	252	85.84
02:26:07.851	118.00	83	253	83.51
02:26:08.090	118.00	83	252	83.18
02:26:08.364	118.25	82	253	82.36
02:26:08.603	117.75	83	253	83.88
02:26:08.842	117.75	84	252	84.10
02:26:09.117	118.25	82	252	82.47
02:26:09.355	117.50	84	253	84.70
02:26:09.628	118.25	82	252	82.58
02:26:09.868	117.75	83	253	83.88
02:26:10.107	118.00	83	253	83.29
02:26:10.380	118.25	82	252	82.36
02:26:10.620	117.25	85	253	85.51
02:26:10.859	118.00	83	253	83.51
02:26:11.132	118.25	82	252	82.36
02:26:11.372	117.75	83	253	83.88
02:26:11.645	118.00	83	253	83.29
02:26:11.884	118.00	83	252	83.18
02:26:12.124	118.00	83	253	83.18
02:26:12.397	118.25	82	252	82.36
02:26:12.636	118.50	81	252	81.44
02:26:12.910	118.25	82	253	82.14
02:26:13.149	118.00	83	253	83.07
02:26:13.388	118.50	81	252	81.55
02:26:13.662	118.00	82	253	82.96
02:26:13.901	118.25	82	253	82.36
02:26:14.140	118.00	83	252	83.07
02:26:14.414	117.75	83	253	83.99
02:26:14.653	118.00	83	253	83.29
02:26:14.926	118.00	83	252	83.18
02:26:15.165	118.00	83	253	83.18
02:26:15.406	118.50	81	252	81.55
02:26:15.678	118.50	81	252	81.33
02:26:15.917	118.25	82	253	82.14
02:26:16.191	118.25	82	253	82.25
02:26:16.430	118.50	81	252	81.44
02:26:16.669	118.25	82	253	82.14
02:26:16.942	118.25	82	253	82.25
02:26:17.182	118.50	81	252	81.44
02:26:17.421	118.50	81	253	81.33
02:26:17.694	118.00	82	252	82.96
02:26:17.933	118.25	82	253	82.36
02:26:18.206	118.50	81	253	81.44
02:26:18.445	118.25	82	251	82.14
02:26:18.685	118.50	81	253	81.44
02:26:18.958	118.25	82	253	82.14
02:26:19.197	118.50	81	252	81.44
02:26:19.471	118.50	81	253	81.33
02:26:19.709	118.75	80	253	80.51
02:26:19.948	117.75	83	252	83.66
02:26:20.222	118.25	82	253	82.47
02:26:20.461	118.50	81	253	81.44
02:26:20.734	118.75	80	252	80.51
02:26:20.976	118.00	82	253	82.85
02:26:21.213	118.75	80	253	80.73
02:26:21.485	118.50	81	252	81.22
02:26:21.725	118.50	81	252	81.33
02:26:21.998	118.75	80	253	80.51
02:26:22.237	118.75	80	252	80.40
02:26:22.476	119.00	79	253	79.59
02:26:22.750	118.75	80	253	80.29
02:26:22.989	119.00	79	252	79.59
02:26:23.228	118.75	80	253	80.29
02:26:23.502	119.25	78	253	78.77
02:26:23.741	119.00	79	252	79.37
02:26:24.015	118.00	82	253	82.74
02:26:24.254	119.00	79	253	79.91
02:26:24.493	118.75	80	252	80.29
02:26:24.767	119.00	79	252	79.59
02:26:25.006	119.00	79	253	79.48
02:26:25.279	119.00	79	252	79.48
02:26:25.518	119.25	78	253	78.66
02:26:25.758	119.25	78	253	78.55
02:26:26.031	119.25	78	252	78.55
02:26:26.270	119.50	77	253	77.74
02:26:26.510	119.25	78	253	78.44
02:26:26.783	119.50	77	252	77.74
02:26:27.022	119.25	78	253	78.44
02:26:27.296	119.25	78	253	78.55
02:26:27.535	119.00	79	252	79.37
02:26:27.774	119.25	78	253	78.66
02:26:28.048	119.25	78	252	78.55
02:26:28.287	119.00	79	252	79.37
02:26:28.526	119.00	79	253	79.48
02:26:28.800	119.25	78	253	78.66
02:26:29.039	119.50	77	252	77.74
02:26:29.312	119.50	77	253	77.63
02:26:29.552	119.50	77	253	77.63
02:26:29.791	119.50	77	252	77.63
02:26:30.064	119.50	77	253	77.63
02:26:30.304	119.25	78	252	78.44
02:26:30.577	119.50	77	253	77.74
02:26:30.816	119.50	77	253	77.63
02:26:31.056	119.00	79	251	79.25
02:26:31.330	119.50	77	253	77.85
02:26:31.568	119.50	77	253	77.63
02:26:31.808	119.25	78	252	78.44
02:26:32.081	119.25	78	253	78.55
02:26:32.320	119.25	78	253	78.55
02:26:32.594	119.75	76	252	76.92
02:26:32.833	119.50	77	253	77.52
02:26:33.072	119.75	76	253	76.81
02:26:33.346	119.50	77	252	77.52
02:26:33.585	119.50	77	253	77.63
02:26:33.858	120.00	75	253	76.00
02:26:34.098	119.75	76	252	76.59
02:26:34.337	119.50	77	252	77.52
02:26:34.610	120.00	75	253	76.00
02:26:34.849	120.00	75	252	75.78
02:26:35.123	120.00	75	253	75.78
02:26:35.362	119.75	76	253	76.59
02:26:35.601	120.00	75	252	75.89
02:26:35.875	119.75	76	253	76.59
02:26:36.114	120.00	75	253	75.89
02:26:36.353	119.50	77	252	77.41
02:26:36.627	120.25	70	253	70.50
02:26:36.866	119.75	76	253	76.48
02:26:37.140	119.75	76	252	76.70
02:26:37.380	120.25	70	252	70.41
02:26:37.618	119.75	76	253	76.48
02:26:37.891	120.25	70	252	70.41
02:26:38.130	120.25	65	253	65.51
02:26:38.403	119.75	71	253	71.82
02:26:38.642	120.00	71	252	71.22
02:26:38.882	119.50	77	253	77.41
02:26:39.155	120.00	75	253	76.00
02:26:39.394	120.00	75	252	75.78
02:26:39.634	120.25	70	253	70.28
02:26:39.907	120.00	70	253	70.99
02:26:40.146	120.00	71	252	71.10
02:26:40.420	120.25	65	253	65.60
02:26:40.659	120.25	60	251	60.85
02:26:40.898	120.25	56	253	56.17
02:26:41.172	120.25	51	253	51.49
02:26:41.411	120.50	41	252	41.35
02:26:41.684	120.50	31	253	31.88
02:26:41.924	120.00	33	253	33.51
02:26:42.163	120.00	33	252	33.73
02:26:42.436	120.50	22	253	22.73
02:26:42.676	120.50	13	253	13.15
02:26:42.915	119.75	20	252	20.26
02:26:43.188	120.75	3	253	3.29
02:26:43.428	120.25	0	253	-0.20
02:26:43.701	120.50	0	251	-1.74
02:26:43.940	120.50	0	253	-1.85
02:26:44.180	120.25	0	252	-1.04
02:26:44.453	120.50	0	253	-1.74
02:26:44.692	120.50	0	252	-1.85
02:26:44.966	120.75	0	253	-2.67
02:26:45.205	120.25	0	252	-1.15
02:26:45.444	120.75	0	253	-2.56
02:26:45.718	120.75	0	252	-2.78
02:26:45.957	121.00	0	253	-3.59
02:26:46.196	120.50	0	252	-2.07
02:26:46.470	121.00	0	253	-3.48
02:26:46.709	120.00	0	251	-0.44
02:26:46.982	121.00	0	253	-3.26
02:26:47.221	121.00	0	252	-3.70
02:26:47.461	120.75	0	253	-2.88
02:26:47.734	121.00	0	252	-3.59
02:26:47.973	121.00	0	253	-3.70
02:26:48.247	120.75	0	252	-2.89
02:26:48.486	120.50	0	253	-1.96
02:26:48.725	120.50	0	253	-1.85
02:26:48.999	121.25	0	252	-4.29
02:26:49.238	120.75	0	253	-2.99
02:26:49.477	120.75	0	252	-2.78
02:26:49.751	120.50	0	252	-1.96
02:26:49.990	120.75	0	252	-2.66
02:26:50.263	121.25	0	253	-4.41
02:26:50.503	121.00	0	252	-3.81
02:26:50.742	120.75	0	253	-2.88
02:26:51.015	121.00	0	252	-3.59
02:26:51.255	121.00	0	253	-3.70
02:26:51.528	121.25	0	252	-4.51
02:26:51.767	121.25	0	253	-4.63
02:26:52.007	121.25	0	252	-4.63
02:26:52.280	121.25	0	253	-4.63
02:26:52.519	120.75	0	252	-3.00
02:26:52.759	121.00	0	252	-3.59
02:26:53.032	121.25	0	252	-4.51
02:26:53.271	121.25	0	253	-4.63
02:26:53.511	121.25	0	253	-4.63
02:26:53.784	121.50	0	252	-5.44
02:26:54.023	121.50	0	253	-5.55
02:26:54.297	121.50	0	252	-5.55
02:26:54.536	121.25	0	253	-4.73
02:26:54.775	121.25	0	252	-4.63
02:26:55.049	121.25	0	253	-4.63
02:26:55.288	121.25	0	252	-4.63
02:26:55.561	121.75	0	253	-6.26
02:26:55.801	121.25	0	251	-4.85
02:26:56.040	121.25	0	253	-4.63
02:26:56.313	121.25	0	252	-4.63
02:26:56.553	121.75	0	253	-6.26
02:26:56.792	121.25	0	252	-4.85
02:26:57.065	121.25	0	253	-4.63
02:26:57.304	121.50	0	252	-5.44
02:26:57.578	122.00	0	253	-7.18
02:26:57.817	121.75	0	252	-6.59
02:26:58.056	121.50	0	253	-5.66
02:26:58.330	121.50	0	252	-5.55
02:26:58.569	121.75	0	253	-6.37
02:26:58.843	121.75	0	251	-6.48
02:26:59.082	121.25	0	253	-4.84
02:26:59.321	121.50	0	253	-5.44
02:26:59.594	121.25	0	252	-4.74
02:26:59.834	121.25	0	253	-4.63
02:27:00.073	122.00	0	252	-7.07
02:27:00.346	121.50	0	253	-5.77
02:27:00.586	122.00	0	252	-7.18
02:27:00.859	122.00	0	253	-7.40
02:27:01.098	122.00	0	252	-7.40
02:27:01.338	122.00	0	253	-7.40
02:27:01.611	121.25	0	252	-4.96
02:27:01.850	122.00	0	252	-7.07
02:27:02.124	122.00	0	252	-7.40
02:27:02.363	121.00	0	253	-4.14
02:27:02.602	122.50	0	252	-8.59
02:27:02.876	121.75	0	253	-6.80
02:27:03.115	122.00	0	252	-7.29
02:27:03.354	122.25	0	253	-8.22
02:27:03.628	121.75	0	252	-6.70
02:27:03.867	122.00	0	253	-7.29
02:27:04.140	122.00	0	252	-7.40
02:27:04.380	122.00	0	253	-7.40
02:27:04.619	121.75	0	252	-6.59
02:27:04.892	122.00	0	252	-7.29
02:27:05.132	121.75	0	252	-6.59
02:27:05.371	122.00	0	253	-7.29
02:27:05.644	122.00	0	253	-7.40
02:27:05.884	122.25	0	252	-8.21
02:27:06.157	122.00	0	253	-7.51
02:27:06.396	122.50	0	252	-9.03
02:27:06.635	122.50	0	253	-9.25
02:27:06.909	122.25	0	252	-8.44
02:27:07.148	122.00	0	253	-7.51
02:27:07.387	122.00	0	252	-7.40
02:27:07.661	122.25	0	253	-8.22
02:27:07.900	122.00	0	251	-7.51
02:27:08.174	122.25	0	253	-8.22
02:27:08.413	122.25	0	252	-8.32
02:27:08.652	122.00	0	253	-7.51
02:27:08.926	122.25	0	252	-8.21
02:27:09.165	122.50	0	253	-9.14
02:27:09.438	122.50	0	252	-9.25
02:27:09.677	122.25	0	253	-8.43
02:27:09.917	122.25	0	252	-8.32
02:27:10.190	122.25	0	253	-8.32
02:27:10.429	122.75	0	252	-9.95
02:27:10.669	122.50	0	253	-9.36
02:27:10.942	122.50	0	251	-9.25
02:27:11.181	122.25	0	253	-8.43
02:27:11.455	122.50	0	253	-9.14
02:27:11.694	122.50	0	252	-9.25
02:27:11.933	122.25	0	253	-8.43
02:27:12.207	122.25	0	252	-8.32
02:27:12.446	122.00	0	253	-7.51
02:27:12.719	122.50	0	252	-9.03
02:27:12.959	122.50	0	253	-9.25
02:27:13.198	122.00	0	252	-7.62
02:27:13.471	122.75	0	253	-9.85
02:27:13.711	122.00	0	252	-7.73
02:27:13.950	122.25	0	252	-8.21
02:27:14.223	122.50	0	252	-9.14
02:27:14.463	122.50	0	253	-9.25
02:27:14.736	122.50	0	252	-9.25
02:27:14.975	122.75	0	253	-10.07
02:27:15.215	122.25	0	252	-8.55
02:27:15.488	122.50	0	253	-9.14
02:27:15.727	122.25	0	252	-8.44
02:27:16.001	122.25	0	253	-8.32
02:27:16.240	122.50	0	252	-9.14
02:27:16.479	122.25	0	253	-8.43
02:27:16.753	122.25	0	253	-8.32
02:27:16.992	122.50	0	251	-9.14
02:27:17.231	122.25	0	253	-8.43
02:27:17.505	122.50	0	252	-9.14
02:27:17.744	122.50	0	253	-9.25
02:27:17.983	122.50	0	252	-9.25
02:27:18.257	122.50	0	253	-9.25
02:27:18.496	122.25	0	252	-8.44
02:27:18.769	122.75	0	253	-9.96
02:27:19.008	122.50	0	252	-9.36
02:27:19.248	122.75	0	253	-10.07
02:27:19.521	123.00	0	252	-10.99
02:27:19.760	122.50	0	253	-9.47
02:27:20.034	122.50	0	251	-9.25
02:27:20.273	122.75	0	253	-10.07
02:27:20.512	122.75	0	253	-10.18
02:27:20.786	122.75	0	252	-10.18
02:27:21.025	122.50	0	253	-9.36
02:27:21.264	122.50	0	252	-9.25
02:27:21.538	122.50	0	253	-9.25
02:27:21.777	122.75	0	252	-10.06
02:27:22.050	122.75	0	253	-10.18
02:27:22.290	122.75	0	252	-10.18
02:27:22.530	122.50	0	253	-9.36
02:27:22.801	122.25	0	252	-8.44
02:27:23.041	122.50	0	252	-9.14
02:27:23.312	123.00	0	253	-10.88
02:27:23.551	122.50	0	252	-9.47
02:27:23.791	123.00	0	253	-10.88
02:27:24.064	122.75	0	252	-10.29
02:27:24.302	122.75	0	253	-10.18
02:27:24.576	122.50	0	252	-9.36
02:27:24.814	122.50	0	253	-9.25
02:27:25.053	122.25	0	252	-8.44
02:27:25.326	122.75	0	253	-9.96
02:27:25.565	122.50	0	252	-9.36
02:27:25.838	122.75	0	253	-10.07
02:27:26.077	122.50	0	252	-9.36
02:27:26.315	122.50	0	252	-9.25
02:27:26.589	122.50	0	253	-9.25
02:27:26.827	122.50	0	252	-9.25
02:27:27.066	122.50	0	253	-9.25
02:27:27.339	122.75	0	252	-10.06
02:27:27.578	122.75	0	253	-10.18
02:27:27.850	122.25	0	252	-8.55
02:27:28.089	122.50	0	253	-9.14
02:27:28.328	122.75	0	252	-10.06
02:27:28.601	122.75	0	253	-10.18
02:27:28.839	122.50	0	253	-9.36
02:27:29.113	122.25	0	251	-8.44
02:27:29.351	122.25	0	253	-8.32
02:27:29.590	122.25	0	252	-8.32
02:27:29.863	122.50	0	253	-9.14
02:27:30.102	122.50	0	252	-9.25
02:27:30.375	122.50	0	253	-9.25
02:27:30.614	122.50	0	252	-9.25
02:27:30.852	122.75	0	253	-10.07
02:27:31.126	122.75	0	252	-10.18
02:27:31.364	122.25	0	253	-8.54
02:27:31.637	122.75	0	252	-9.95
02:27:31.876	122.50	0	253	-9.36
02:27:32.115	122.75	0	251	-10.06
02:27:32.387	122.50	0	253	-9.36
02:27:32.627	122.50	0	252	-9.25
02:27:32.899	122.50	0	253	-9.25
02:27:33.138	122.50	0	252	-9.25
02:27:33.378	122.25	0	253	-8.43
02:27:33.651	122.25	0	253	-8.32
02:27:33.890	122.50	0	252	-9.14
02:27:34.164	122.75	0	253	-10.07
02:27:34.403	122.25	0	252	-8.55
02:27:34.642	122.50	0	253	-9.14
02:27:34.916	122.25	0	252	-8.44
02:27:35.155	122.25	0	252	-8.32
02:27:35.394	122.25	0	252	-8.32
02:27:35.668	122.50	0	253	-9.14
02:27:35.907	122.25	0	252	-8.44
02:27:36.180	122.25	0	253	-8.32
02:27:36.420	122.00	0	252	-7.51
02:27:36.659	122.50	0	253	-9.03
02:27:36.932	122.25	0	252	-8.44
02:27:37.171	122.50	0	253	-9.14
