43.500
43.000
43.250
43.250
43.250
43.500
43.750
43.250
43.250
43.500
110.274
110.250
110.260
110.231
110.241
110.226
110.197
110.179
110.162
110.135
110.140
110.122
110.128
110.117
110.122
110.117
110.097
110.087
110.071
110.066
110.056
110.066
110.066
110.071
110.056
110.051
110.051
110.061
110.056
110.056
110.051
110.046
110.046
110.036
110.020
110.010
110.005
110.010
110.000
109.995
109.980
109.990
109.990
109.980
109.974
109.980
109.964
109.969
109.969
109.985
109.995
109.980
109.995
110.010
110.015
110.015
110.015
110.041
110.041
110.046
110.046
110.071
110.071
110.071
110.087
110.102
110.102
110.112
110.117
110.133
110.133
110.128
110.133
110.153
110.163
110.168
110.163
110.168
110.179
110.189
110.173
110.179
110.179
110.199
110.214
110.214
110.230
110.250
110.265
110.296
110.311
110.332
110.347
110.372
110.393
110.418
110.449
110.464
110.469
110.490
110.515
110.515
110.531
110.531
110.546
110.566
110.566
110.561
110.582
110.592
110.612
110.612
110.633
110.638
110.643
110.653
110.679
110.699
110.714
110.719
110.745
110.776
110.796
110.801
110.827
110.852
110.883
110.893
110.918
110.954
110.964
110.995
111.020
111.046
111.087
111.112
111.138
111.163
111.179
111.209
111.224
111.255
111.276
111.291
111.316
111.342
111.362
111.388
111.423
111.449
111.490
111.520
111.561
111.597
111.622
111.663
111.719
111.740
111.770
111.770
111.821
111.847
111.888
111.939
111.985
112.020
112.061
112.097
112.148
112.184
112.194
112.224
112.276
112.301
112.332
112.362
112.403
112.418
112.454
112.505
112.541
112.577
112.612
112.643
112.668
112.694
112.724
112.765
112.791
112.832
112.862
112.893
112.934
112.954
112.995
113.026
113.071
113.102
113.148
113.158
113.189
113.224
113.245
113.281
113.316
113.352
113.383
113.418
113.480
113.505
113.526
113.556
113.582
113.617
113.622
113.648
113.679
113.719
113.730
113.776
113.801
113.821
113.842
113.878
113.908
113.939
113.969
114.005
114.031
114.071
114.087
114.112
114.148
114.189
114.214
114.250
114.276
114.306
114.327
114.362
114.393
114.413
114.454
114.469
114.510
114.536
114.566
114.587
114.633
114.658
114.679
114.709
114.730
114.755
114.770
114.801
114.811
114.837
114.872
114.908
114.944
114.980
115.005
115.056
115.087
115.122
115.138
115.189
115.214
115.250
115.286
115.332
115.342
115.362
115.388
115.423
115.459
115.495
115.495
115.531
115.561
115.582
115.577
115.592
115.612
115.643
115.679
115.704
115.714
115.745
115.786
115.816
115.857
115.883
115.918
115.939
115.969
116.010
116.051
116.092
116.133
116.168
116.199
116.235
116.265
116.316
116.342
116.367
116.408
116.434
116.459
116.495
116.520
116.541
116.571
116.607
116.638
116.658
116.679
116.709
116.730
116.770
116.811
116.842
116.883
116.898
116.929
116.985
117.026
117.036
117.066
117.128
117.184
117.204
117.235
117.265
117.296
117.321
117.342
117.372
117.393
117.413
117.444
117.469
117.505
117.536
117.561
117.592
117.617
117.638
117.673
117.694
117.714
117.750
117.776
117.806
117.837
117.842
117.872
117.898
117.929
117.964
118.000
118.015
118.036
118.061
118.097
118.133
118.163
118.204
118.240
118.260
118.296
118.316
118.357
118.383
118.413
118.439
118.490
118.526
118.551
118.571
118.607
118.628
118.648
118.679
118.719
118.750
118.770
118.801
118.837
118.862
118.878
118.908
118.939
118.964
118.990
118.990
119.010
119.026
119.061
119.097
119.122
119.148
119.173
119.204
119.260
119.281
119.311
119.337
119.352
119.378
119.408
119.439
119.469
119.495
119.526
119.546
119.566
119.587
119.622
119.638
119.668
119.689
119.709
119.735
119.755
119.781
119.796
119.821
119.847
119.883
119.903
119.934
119.964
119.995
120.000
120.031
120.061
120.087
120.092
120.128
120.143
120.163
120.168
120.184
120.240
120.270
120.281
120.311
120.337
120.357
120.367
120.398
120.418
120.434
120.454
120.474
120.485
120.520
120.531
120.551
120.577
120.587
120.607
120.617
120.638
120.658
120.684
120.694
120.719
120.730
120.750
120.770
120.786
120.816
120.811
120.837
120.862
120.878
120.898
120.934
120.944
120.949
120.964
121.010
121.031
121.041
121.061
121.097
121.107
121.117
121.133
121.163
121.179
121.184
121.204
121.235
121.240
121.250
121.265
121.296
121.301
121.321
121.342
121.357
121.378
121.398
121.408
121.434
121.454
121.449
121.474
121.485
121.500
121.526
121.515
121.531
121.546
121.561
121.577
121.582
121.597
121.612
121.617
121.658
121.673
121.684
121.699
121.709
121.719
121.735
121.760
121.776
121.781
121.781
121.806
121.816
121.832
121.847
121.867
121.883
121.898
121.908
121.918
121.934
121.954
121.964
121.980
121.990
122.000
122.000
122.005
122.015
122.041
122.026
122.046
122.051
122.066
122.061
122.092
122.107
122.122
122.107
122.117
122.143
122.148
122.148
122.158
122.179
122.204
122.199
122.209
122.224
122.230
122.230
122.240
122.255
122.265
122.260
122.276
122.276
122.281
122.286
122.296
122.286
122.291
122.296
122.301
122.306
122.306
122.306
122.306
122.316
122.321
122.296
122.306
122.311
122.316
122.311
122.327
122.337
122.332
122.327
122.347
122.342
122.347
122.337
122.352
122.352
122.347
122.347
122.378
122.367
122.378
122.383
122.393
122.388
122.383
122.372
122.383
122.372
122.367
122.367
122.372
122.357
122.337
122.321
122.332
122.306
122.311
122.311
122.306
122.311
122.316
122.291
122.291
122.286
122.281
122.286
122.286
122.286
122.281
122.270
122.291
122.281
122.276
122.270
122.270
122.276
122.255
122.250
122.235
122.235
122.219
122.209
122.204
122.199
122.184
122.168
122.158
122.143
122.128
122.117
122.102
122.092
122.071
122.051
122.046
122.036
122.010
121.995
121.980
121.964
121.929
121.929
121.913
121.898
121.883
121.862
121.837
121.827
121.786
121.776
121.776
121.755
121.724
121.704
121.679
121.658
121.633
121.617
121.592
121.577
121.551
121.536
121.520
121.510
121.480
121.474
121.459
121.444
121.418
121.403
121.383
121.367
121.342
121.327
121.311
121.296
121.276
121.260
121.240
121.224
121.184
121.179
121.163
121.143
121.122
121.117
121.097
121.077
121.056
121.061
121.046
121.036
121.010
121.005
120.990
120.980
120.964
120.969
120.949
120.934
120.913
120.913
120.898
120.872
120.852
120.847
120.827
120.811
120.786
120.776
120.755
120.730
120.704
120.694
120.663
120.638
120.628
120.612
120.597
120.577
120.546
120.520
120.500
120.480
120.449
120.434
120.408
120.378
120.347
120.352
120.321
120.306
120.286
120.270
120.250
120.230
120.209
120.189
120.168
120.133
120.112
120.092
120.066
120.041
120.015
119.980
119.954
119.923
119.898
119.878
119.857
119.821
119.806
119.786
119.765
119.730
119.704
119.684
119.653
119.592
119.566
119.536
119.505
119.469
119.449
119.418
119.393
119.337
119.316
119.301
119.281
119.250
119.224
119.204
119.184
119.158
119.148
119.128
119.107
119.087
119.061
119.031
119.000
118.964
118.934
118.903
118.878
118.862
118.847
118.816
118.796
118.770
118.740
118.709
118.689
118.668
118.643
118.622
118.592
118.546
118.536
118.510
118.485
118.459
118.444
118.429
118.408
118.393
118.398
118.372
118.347
118.321
118.316
118.296
118.276
118.255
118.255
118.230
118.214
118.189
118.163
118.143
118.122
118.097
118.082
118.046
118.031
118.000
117.980
117.954
117.934
117.908
117.903
117.878
117.862
117.837
117.811
117.786
117.765
117.735
117.714
117.689
117.673
117.653
117.622
117.607
117.587
117.571
117.566
117.541
117.510
117.490
117.459
117.434
117.403
117.378
117.352
117.342
117.316
117.306
117.281
117.260
117.219
117.199
117.179
117.168
117.128
117.102
117.082
117.071
117.036
117.020
116.980
116.959
116.929
116.908
116.883
116.867
116.821
116.806
116.796
116.770
116.750
116.724
116.714
116.694
116.668
116.648
116.628
116.622
116.612
116.592
116.587
116.577
116.566
116.551
116.531
116.515
116.500
116.490
116.474
116.464
116.454
116.434
116.403
116.398
116.383
116.321
116.260
116.209
116.209
116.184
116.173
116.179
116.173
116.194
116.204
116.224
116.199
116.209
116.209
116.240
116.245
116.270
116.276
116.291
116.301
116.327
116.327
116.321
116.321
116.342
116.357
116.357
116.367
116.367
116.372
116.393
116.393
116.398
116.413
116.418
116.429
116.434
116.439
116.454
116.464
116.485
116.505
116.520
116.536
116.526
116.556
116.587
116.592
116.607
116.673
116.724
116.786
116.776
116.816
116.816
116.811
116.816
116.821
116.796
116.786
116.796
116.806
116.786
116.781
116.786
116.786
116.755
116.755
116.750
116.755
116.724
116.735
116.745
116.745
116.709
116.709
116.704
116.719
116.694
116.694
116.699
116.699
116.673
116.668
116.668
116.658
116.643
116.638
116.653
116.643
116.592
116.587
116.571
116.597
116.592
116.592
116.597
116.587
116.592
116.597
116.602
116.607
116.607
116.612
116.612
116.612
116.617
116.638
116.638
116.668
116.663
116.699
116.704
116.704
116.714
116.750
116.750
116.760
116.765
116.811
116.816
116.827
116.827
116.857
116.867
116.878
116.888
116.929
116.939
116.939
116.954
116.985
116.995
117.005
117.015
117.051
117.061
117.061
117.061
117.117
117.128
117.138
117.143
117.158
117.168
117.173
117.179
117.184
117.204
117.214
117.230
117.235
117.250
117.265
117.265
117.265
117.276
117.281
117.276
117.296
117.286
117.291
117.301
117.301
117.306
117.306
117.311
117.327
117.332
117.291
117.286
117.301
117.311
117.291
117.291
117.301
117.316
117.286
117.306
117.316
117.332
117.301
117.316
117.332
117.342
117.321
117.332
117.357
117.362
117.352
117.362
117.362
117.362
117.352
117.357
117.383
117.398
117.393
117.393
117.403
117.429
117.439
117.429
117.449
117.459
117.474
117.490
117.500
117.505
117.490
117.505
117.526
117.541
117.551
117.571
117.582
117.582
117.587
117.643
117.658
117.673
117.699
117.735
117.755
117.765
117.724
117.735
117.699
117.658
117.617
117.628
117.597
117.571
117.546
117.546
117.526
117.490
117.474
117.510
117.541
117.577
117.597
117.628
117.648
117.658
117.668
117.699
117.719
117.735
117.740
117.745
117.765
117.776
117.801
117.811
117.832
117.842
117.857
117.913
117.923
117.918
117.929
117.944
117.969
117.974
118.000
118.015
118.041
118.051
118.051
118.066
118.071
118.082
118.092
118.158
118.214
118.260
118.332
118.398
118.459
118.495
118.546
118.582
118.643
118.663
118.730
118.786
118.806
118.765
118.776
118.786
118.806
118.776
118.770
118.791
118.796
118.776
118.791
118.811
118.832
118.832
118.847
118.862
118.878
118.872
118.893
118.913
118.929
118.934
118.959
118.969
118.990
119.000
119.015
119.020
119.041
119.046
119.071
119.092
119.092
119.122
119.143
119.158
119.168
119.184
119.219
119.235
119.240
119.214
119.235
119.255
119.281
119.291
119.332
119.342
119.347
119.362
119.423
119.429
119.444
119.454
119.515
119.551
119.561
119.571
119.612
119.622
119.633
119.638
119.684
119.704
119.704
119.719
119.755
119.776
119.791
119.801
119.827
119.842
119.862
119.878
119.872
119.903
119.923
119.939
119.959
119.964
119.974
120.005
120.020
120.036
120.051
120.071
120.087
120.097
120.107
120.128
120.173
120.194
120.194
120.204
120.224
120.230
120.250
120.270
120.286
120.306
120.286
120.301
120.311
120.327
120.327
120.342
120.362
120.388
120.388
120.408
120.434
120.444
120.434
120.459
120.480
120.490
120.474
120.485
120.505
120.520
120.480
120.495
120.505
120.541
120.520
120.531
120.541
120.546
120.531
120.546
120.556
120.571
120.566
120.592
120.607
120.622
120.622
120.633
120.648
120.673
120.694
120.714
120.724
120.740
120.765
120.781
120.796
120.806
120.821
120.878
120.888
120.908
120.918
120.939
120.954
120.969
120.974
120.995
121.000
121.010
121.005
121.046
121.061
121.071
121.087
121.133
121.148
121.163
121.179
121.245
121.255
121.276
121.291
121.337
121.357
121.378
121.403
121.459
121.469
121.485
121.495
121.531
121.546
121.556
121.566
121.592
121.612
121.628
121.633
121.638
121.653
121.658
121.663
121.673
121.679
121.684
121.694
121.704
121.714
121.704
121.714
121.724
121.730
121.735
121.745
121.760
121.781
121.801
121.816
121.847
121.852
121.857
121.867
121.878
121.888
121.883
121.888
121.898
121.903
121.903
121.908
121.908
121.908
121.903
121.908
121.913
121.918
121.918
121.923
121.929
121.934
121.898
121.893
121.898
121.903
121.862
121.862
121.862
121.867
121.816
121.827
121.832
121.832
121.801
121.801
121.806
121.791
121.765
121.745
121.684
121.679
121.673
121.679
121.679
121.673
121.663
121.658
121.653
121.648
121.648
121.648
121.643
121.633
121.628
121.638
121.628
121.622
121.612
121.622
121.607
121.607
121.607
121.612
121.597
121.582
121.561
121.556
121.526
121.520
121.485
121.490
121.480
121.454
121.423
121.454
121.393
121.311
121.219
121.204
121.189
121.184
121.168
121.194
121.184
121.158
121.163
121.179
121.219
121.270
121.270
121.270
121.260
121.245
121.240
121.235
121.214
121.204
121.184
121.168
121.153
121.128
121.112
121.102
121.082
121.066
121.056
121.051
121.031
120.990
120.974
120.954
120.939
120.923
120.908
120.898
120.898
120.898
120.883
120.888
120.898
120.888
120.878
120.883
120.867
120.908
120.969
121.036
121.077
121.077
121.056
121.046
121.031
121.010
121.000
120.990
120.974
120.944
120.929
120.913
120.903
120.862
120.852
120.832
120.811
120.781
120.760
120.745
120.735
120.663
120.658
120.648
120.628
120.582
120.566
120.541
120.526
120.480
120.495
120.480
120.459
120.423
120.418
120.408
120.398
120.372
120.352
120.337
120.327
120.301
120.291
120.286
120.265
120.255
120.224
120.214
120.199
120.194
120.173
120.143
120.117
120.097
120.082
120.061
120.036
120.020
120.010
119.985
119.964
119.939
119.944
119.923
119.908
119.903
119.908
119.898
119.888
119.862
119.898
119.878
119.857
119.832
119.842
119.821
119.806
119.791
119.801
119.781
119.760
119.745
119.750
119.724
119.709
119.684
119.663
119.658
119.638
119.607
119.592
119.571
119.546
119.531
119.505
119.495
119.464
119.439
119.408
119.383
119.337
119.306
119.281
119.255
119.230
119.204
119.173
119.153
119.138
119.117
119.102
119.077
119.051
119.026
119.000
118.980
118.949
118.918
118.898
118.872
118.837
118.811
118.796
118.776
118.735
118.714
118.694
118.679
118.633
118.607
118.587
118.566
118.510
118.474
118.454
118.423
118.357
118.321
118.306
118.276
118.199
118.179
118.153
118.128
118.077
118.061
118.041
118.026
117.985
117.990
117.980
117.959
117.944
117.929
117.918
117.903
117.878
117.852
117.832
117.811
117.796
117.781
117.765
117.740
117.719
117.704
117.689
117.673
117.658
117.653
117.643
117.622
117.602
117.612
117.577
117.556
117.536
117.546
117.531
117.500
117.464
117.469
117.459
117.444
117.444
117.464
117.459
117.439
117.418
117.439
117.423
117.403
117.388
117.393
117.378
117.367
117.337
117.337
117.337
117.321
117.301
117.291
117.281
117.260
117.250
117.240
117.230
117.219
117.184
117.158
117.138
117.107
117.077
117.051
117.026
117.005
116.985
116.974
116.964
116.908
116.893
116.821
116.801
116.796
116.781
116.724
116.714
116.684
116.673
116.673
116.673
116.643
116.638
116.628
116.617
116.577
116.561
116.561
116.561
116.520
116.500
116.495
116.485
116.429
116.408
116.408
116.408
116.362
116.362
116.362
116.352
116.321
116.306
116.296
116.281
116.245
116.230
116.240
116.230
116.204
116.153
116.107
116.071
116.046
116.051
116.041
116.031
116.020
116.046
116.046
116.107
116.097
116.097
116.097
116.143
116.133
116.138
116.153
116.153
116.133
116.153
116.153
116.153
116.153
116.184
116.199
116.199
116.204
116.235
116.250
116.240
116.245
116.276
116.286
116.291
116.286
116.316
116.306
116.260
116.260
116.281
116.286
116.291
116.296
116.327
116.332
116.342
116.362
116.383
116.434
116.490
116.531
116.566
116.566
116.577
116.587
116.597
116.607
116.607
116.607
116.617
116.617
116.612
116.597
116.602
116.612
116.607
116.607
116.617
116.617
116.612
116.617
116.607
116.592
116.587
116.587
116.577
116.561
116.520
116.520
116.520
116.541
116.520
116.526
116.531
116.531
116.515
116.551
116.566
116.582
116.556
116.546
116.546
116.551
116.515
116.505
116.500
116.505
116.490
116.495
116.500
116.495
116.464
116.469
116.469
116.469
116.459
116.459
116.449
116.454
116.444
116.449
116.459
116.459
116.459
116.459
116.464
116.480
116.480
116.485
116.485
116.495
116.500
116.505
116.515
116.526
116.546
116.587
116.597
116.612
116.607
116.643
116.653
116.668
116.684
116.724
116.750
116.755
116.745
116.791
116.816
116.832
116.827
116.878
116.903
116.918
116.939
116.985
116.995
117.005
117.026
117.066
117.071
117.087
117.102
117.122
117.138
117.122
117.128
117.153
117.173
117.194
117.209
117.230
117.245
117.265
117.281
117.306
117.327
117.332
117.342
117.347
117.337
117.352
117.367
117.393
117.413
117.429
117.444
117.464
117.464
117.464
117.459
117.474
117.485
117.474
117.474
117.495
117.500
117.500
117.459
117.439
117.449
117.423
117.418
117.408
117.403
117.367
117.372
117.332
117.342
117.311
117.306
117.306
117.311
117.276
117.332
117.332
117.347
117.316
117.332
117.342
117.357
117.347
117.352
117.362
117.372
117.362
117.378
117.388
117.429
117.439
117.439
117.459
117.464
117.459
117.474
117.480
117.495
117.500
117.526
117.551
117.556
117.561
117.592
117.617
117.617
117.633
117.648
117.719
117.781
117.786
117.821
117.857
117.893
117.923
117.995
118.010
118.082
118.092
118.153
118.179
118.204
118.230
118.286
118.306
118.342
118.362
118.408
118.423
118.444
118.459
118.500
118.505
118.526
118.536
118.566
118.597
118.633
118.643
118.699
118.724
118.745
118.765
118.801
118.816
118.791
118.811
118.832
118.847
118.867
118.883
118.903
118.913
118.929
118.959
118.985
119.005
119.020
119.041
119.071
119.092
119.102
119.117
119.133
119.138
119.163
119.184
119.214
119.235
119.250
119.255
119.276
119.224
119.214
119.235
119.250
119.281
119.270
119.291
119.306
119.327
119.321
119.342
119.357
119.362
119.327
119.321
119.342
119.347
119.332
119.342
119.357
119.372
119.367
119.423
119.423
119.449
119.444
119.459
119.485
119.505
119.510
119.520
119.541
119.551
119.561
119.577
119.587
119.592
119.617
119.633
119.653
119.658
119.689
119.689
119.699
119.704
119.709
119.735
119.750
119.770
119.862
119.898
119.893
119.852
119.857
119.898
119.898
119.908
119.918
119.969
119.980
120.000
120.031
120.087
120.122
120.148
120.158
120.194
120.209
120.230
120.250
120.291
120.311
120.347
120.362
120.393
120.403
120.408
120.423
120.459
120.485
120.505
120.515
120.531
120.520
120.541
120.556
120.556
120.571
120.577
120.602
120.607
120.617
120.587
120.602
120.622
120.633
120.658
120.668
120.684
120.628
120.648
120.714
120.730
120.689
120.714
120.719
120.730
120.735
120.740
120.699
120.709
120.724
120.714
120.684
120.668
120.689
120.643
120.633
120.617
120.602
120.577
120.561
120.515
120.459
120.398
120.403
120.383
120.383
120.321
120.316
120.321
120.321
120.306
120.301
120.306
120.311
120.270
120.240
120.224
120.214
120.163
120.204
120.209
120.204
120.189
120.173
120.168
120.168
120.235
120.240
120.245
120.219
120.204
120.194
120.209
120.209
120.194
120.189
120.235
120.153
120.112
120.128
120.148
120.168
120.158
120.214
120.224
120.240
120.255
120.291
120.301
120.311
120.372
120.449
120.459
120.485
120.490
120.556
120.566
120.571
120.571
120.628
120.633
120.622
120.628
120.668
120.673
120.673
120.689
120.750
120.750
120.689
120.648
120.673
120.684
120.668
120.668
120.663
120.663
120.668
120.699
120.770
120.760
120.755
120.765
120.796
120.811
120.811
120.893
120.923
120.923
120.908
120.923
120.939
120.944
120.934
120.934
120.939
120.934
120.929
120.974
120.980
120.969
120.954
120.954
120.944
120.929
120.898
120.893
120.898
120.883
120.867
120.867
120.857
120.847
120.852
120.842
120.821
120.821
120.791
120.837
120.867
120.842
120.801
120.806
120.801
120.796
120.760
120.745
120.750
120.745
120.735
120.740
120.735
120.730
120.709
120.704
120.719
120.750
120.750
120.791
120.801
120.811
120.811
120.837
120.862
120.888
120.913
120.939
120.959
120.969
120.980
121.005
121.020
121.031
121.036
121.071
121.077
121.092
121.117
121.148
121.179
121.214
121.245
121.281
121.316
121.342
121.352
121.403
121.434
121.423
121.449
121.510
121.536
121.541
121.561
121.602
121.622
121.628
121.633
121.663
121.658
121.648
121.612
121.612
121.612
121.582
121.520
121.500
121.464
121.423
121.388
121.367
121.342
121.301
121.260
121.224
121.194
121.163
121.138
121.107
121.071
121.020
121.005
120.995
120.964
120.949
120.929
120.893
120.857
120.806
120.770
120.740
120.714
120.684
120.658
120.643
120.582
120.500
120.490
120.459
120.429
120.362
120.332
120.291
120.260
120.199
120.153
120.122
120.097
120.051
120.041
120.036
120.026
119.974
119.949
119.954
119.944
119.883
119.857
119.847
119.837
119.770
119.760
119.745
119.719
119.673
119.643
119.638
119.628
119.617
119.643
119.643
119.643
119.628
119.628
119.622
119.617
119.612
119.622
119.612
119.607
119.597
119.587
119.587
119.571
119.597
119.648
119.668
119.638
119.628
119.663
119.673
119.689
119.684
119.704
119.709
119.714
119.709
119.719
119.709
119.719
119.719
119.750
119.750
119.760
119.760
119.796
119.806
119.760
119.750
119.791
119.791
119.796
119.801
119.821
119.827
119.816
119.811
119.801
119.770
119.745
119.714
119.709
119.689
119.658
119.638
119.622
119.602
119.582
119.566
119.556
119.541
119.520
119.500
119.480
119.454
119.423
119.429
119.418
119.398
119.367
119.342
119.327
119.321
119.311
119.281
119.260
119.250
119.230
119.214
119.189
119.173
119.163
119.138
119.122
119.117
119.092
119.117
119.107
119.087
119.041
119.015
118.995
118.990
118.939
118.923
118.923
118.913
118.867
118.847
118.837
118.821
118.750
118.745
118.735
118.724
118.673
118.668
118.648
118.617
118.582
118.566
118.561
118.541
118.510
118.500
118.485
118.408
118.316
118.291
118.281
118.270
118.245
118.214
118.209
118.199
118.184
118.158
118.087
118.026
117.944
117.923
117.903
117.878
117.857
117.867
117.821
117.786
117.750
117.755
117.724
117.679
117.633
117.571
117.520
117.444
117.418
117.372
117.311
117.276
117.240
117.260
117.199
117.168
117.138
117.143
117.092
117.015
116.959
116.929
116.847
116.765
116.740
116.699
116.648
116.612
116.638
116.673
116.648
116.622
116.587
116.556
116.541
116.510
116.408
116.362
116.332
116.362
116.393
116.434
116.408
116.388
116.337
116.316
116.270
116.276
116.245
116.240
116.219
116.209
116.209
116.219
116.276
116.276
116.306
116.306
116.347
116.337
116.337
116.327
116.327
116.327
116.321
116.265
116.214
116.173
116.194
116.214
116.240
116.245
116.240
116.209
116.224
116.194
116.189
116.184
116.194
116.173
116.168
116.168
116.163
116.128
116.122
116.194
116.204
116.214
116.199
116.194
116.194
116.173
116.168
116.204
116.204
116.209
116.214
116.235
116.204
116.209
116.209
116.204
116.194
116.199
116.199
116.199
116.189
116.184
116.230
116.235
116.245
116.240
116.265
116.260
116.311
116.367
116.423
116.449
116.469
116.469
116.520
116.566
116.592
116.607
116.658
116.673
116.684
116.684
116.709
116.714
116.699
116.719
116.730
116.730
116.735
116.740
116.745
116.735
116.689
116.668
116.684
116.689
116.689
116.679
116.684
116.679
116.689
116.719
116.714
116.709
116.745
116.776
116.801
116.832
116.852
116.878
116.908
116.918
116.923
116.939
116.949
116.954
116.980
117.005
117.020
117.036
117.036
117.051
117.071
117.092
117.092
117.122
117.148
117.184
117.184
117.209
117.230
117.250
117.230
117.281
117.281
117.316
117.301
117.316
117.332
117.362
117.362
117.413
117.444
117.464
117.449
117.459
117.505
117.536
117.551
117.577
117.607
117.643
117.663
117.668
117.663
117.658
117.653
117.633
117.561
117.495
117.480
117.469
117.444
117.418
117.398
117.383
117.362
117.342
117.316
117.306
117.286
117.235
117.189
117.194
117.168
117.148
117.122
117.122
117.097
117.082
117.071
117.087
117.061
117.061
117.061
117.097
117.087
117.066
117.031
117.056
117.061
117.046
117.041
117.056
117.046
116.990
116.944
116.918
116.867
116.816
116.796
116.801
116.750
116.694
116.643
116.628
116.633
116.684
116.735
116.750
116.750
116.770
116.801
116.827
116.837
116.837
116.857
116.878
116.898
116.903
116.908
116.964
116.974
116.990
117.010
117.036
117.066
117.087
117.117
117.148
117.189
117.214
117.235
117.265
117.281
117.291
117.342
117.372
117.347
117.352
117.393
117.434
117.474
117.464
117.520
117.587
117.638
117.658
117.724
117.750
117.719
117.745
117.827
117.903
117.949
117.923
117.923
117.888
117.878
117.857
117.837
117.821
117.811
117.776
117.745
117.709
117.684
117.658
117.653
117.684
117.643
117.633
117.617
117.587
117.556
117.505
117.459
117.403
117.372
117.321
117.301
117.270
117.224
117.199
117.194
117.173
117.179
117.219
117.224
117.214
117.184
117.179
117.209
117.240
117.270
117.306
117.383
117.418
117.434
117.520
117.602
117.622
117.658
117.689
117.786
117.862
117.969
118.051
118.153
118.245
118.327
118.408
118.500
118.592
118.684
118.770
118.867
118.939
119.015
119.107
119.189
119.265
119.352
119.413
119.515
119.612
119.714
119.791
119.883
119.959
120.046
120.138
120.219
120.296
120.362
120.418
120.480
120.546
120.602
120.673
120.714
120.776
120.796
120.786
120.806
120.821
120.827
120.862
120.888
120.903
120.903
120.908
120.918
120.929
120.862
120.872
120.842
120.811
120.776
120.781
120.791
120.811
120.781
120.760
120.724
120.699
120.653
120.628
120.587
120.546
120.495
120.444
120.429
120.388
120.347
120.306
120.270
120.214
120.168
120.128
120.092
120.056
120.010
119.969
119.934
119.898
119.857
119.821
119.770
119.740
119.704
119.663
119.638
119.582
119.531
119.505
119.464
119.423
119.378
119.362
119.321
119.270
119.240
119.286
119.250
119.255
119.265
119.286
119.260
119.199
119.158
119.163
119.158
119.219
119.260
119.296
119.342
119.393
119.403
119.434
119.444
119.439
119.454
119.474
119.546
119.607
119.689
119.760
119.801
119.801
119.801
119.801
119.811
119.862
119.929
119.990
120.056
120.128
120.194
120.255
120.321
120.388
120.459
120.520
120.577
120.633
120.684
120.745
120.796
120.857
120.929
120.980
121.036
121.092
121.148
121.204
121.240
121.286
121.367
121.429
121.500
121.546
121.561
121.577
121.622
121.607
121.617
121.684
121.735
121.770
121.842
121.903
121.959
121.913
121.929
121.929
121.939
121.929
121.990
122.041
122.107
122.133
122.148
122.143
122.148
122.117
122.133
122.138
122.097
122.077
122.077
122.077
122.087
122.071
122.005
122.010
122.005
122.010
122.010
122.015
121.985
121.929
121.888
121.832
121.801
121.806
121.801
121.786
121.770
121.735
121.704
121.658
121.587
121.510
121.505
121.495
121.480
121.454
121.464
121.439
121.408
121.362
121.378
121.337
121.316
121.291
121.306
121.245
121.179
121.158
121.138
121.051
120.980
120.893
120.878
120.781
120.694
120.714
120.714
120.694
120.679
120.648
120.643
120.699
120.673
120.653
120.582
120.510
120.429
120.439
120.454
120.469
120.459
120.464
120.429
120.413
120.408
120.357
120.367
120.372
120.388
120.439
120.500
120.495
120.485
120.464
120.459
120.429
120.429
120.429
120.449
120.454
120.449
120.454
120.454
120.439
120.454
120.505
120.505
120.526
120.536
120.546
120.566
120.536
120.546
120.561
120.515
120.510
120.444
120.439
120.434
120.429
120.367
120.357
120.357
120.403
120.423
120.480
120.480
120.490
120.464
120.505
120.505
120.510
120.485
120.480
120.510
120.469
120.474
120.474
120.469
120.454
120.454
120.413
120.408
120.398
120.413
120.393
120.372
120.347
120.327
120.321
120.296
120.270
120.255
120.245
120.224
120.204
120.184
120.199
120.209
120.219
120.240
120.265
120.276
120.296
120.260
120.291
120.250
120.235
120.209
120.230
120.214
120.189
120.158
120.158
120.133
120.092
120.066
120.061
120.051
120.031
120.026
120.041
120.010
120.005
120.031
120.031
120.020
120.005
120.005
120.000
120.015
120.015
120.015
120.015
120.015
120.015
120.015
120.010
120.000
120.000
119.990
119.964
119.949
119.929
119.867
119.816
119.811
119.801
119.796
119.770
119.760
119.750
119.730
119.714
119.679
119.679
119.663
119.643
119.622
119.587
119.571
119.551
119.531
119.495
119.490
119.474
119.469
119.413
119.383
119.357
119.316
119.276
119.245
119.204
119.168
119.112
119.066
119.031
118.990
118.949
118.913
118.883
118.842
118.796
118.760
118.735
118.704
118.663
118.622
118.592
118.587
118.561
118.541
118.561
118.546
118.500
118.459
118.408
118.383
118.362
118.347
118.270
118.214
118.179
118.117
118.051
118.000
117.918
117.852
117.765
117.760
117.776
117.791
117.740
117.709
117.704
117.730
117.740
117.750
117.770
117.806
117.811
117.832
117.842
117.867
117.872
117.872
117.893
117.923
117.934
117.939
117.959
117.985
118.000
118.010
118.026
118.056
118.071
118.077
118.092
118.112
118.122
118.071
118.112
118.143
118.184
118.219
118.250
118.240
118.209
118.245
118.281
118.327
118.332
118.316
118.301
118.378
118.423
118.469
118.464
118.388
118.306
118.321
118.321
118.291
118.250
118.204
118.173
118.138
118.102
118.056
118.020
117.990
117.908
117.857
117.832
117.796
117.760
117.699
117.663
117.612
117.577
117.500
117.464
117.429
117.393
117.327
117.301
117.265
117.235
117.184
117.209
117.184
117.158
117.107
117.077
117.051
117.046
117.046
117.056
117.051
117.026
117.015
117.061
117.102
117.071
117.082
117.087
117.071
117.102
117.138
117.138
117.133
117.117
117.117
117.117
117.102
117.087
117.066
117.066
117.056
117.036
117.026
116.995
116.980
116.929
116.898
116.913
116.923
116.923
116.923
116.954
116.954
116.959
116.929
116.939
116.908
116.872
116.857
116.862
116.847
116.832
116.811
116.806
116.796
116.776
116.760
116.735
116.709
116.699
116.679
116.679
116.617
116.566
116.556
116.536
116.510
116.500
116.480
116.474
116.459
116.449
116.439
116.423
116.383
116.362
116.357
116.342
116.327
116.306
116.276
116.316
116.352
116.337
116.362
116.367
116.347
116.311
116.296
116.276
116.265
116.230
116.199
116.209
116.194
116.194
116.204
116.189
116.189
116.179
116.194
116.219
116.219
116.209
116.230
116.245
116.276
116.281
116.270
116.301
116.316
116.357
116.403
116.429
116.444
116.459
116.474
116.500
116.520
116.526
116.531
116.556
116.577
116.622
116.648
116.663
116.679
116.704
116.730
116.781
116.801
116.832
116.852
116.862
116.883
116.923
116.949
116.964
116.985
117.000
117.026
117.051
117.061
117.066
117.087
117.097
117.122
117.122
117.143
117.128
117.117
117.128
117.138
117.122
117.107
117.107
117.117
117.122
117.107
117.112
117.122
117.107
117.092
117.087
117.092
117.082
117.066
117.051
117.046
117.041
116.969
116.903
116.842
116.750
116.653
116.587
116.556
116.536
116.454
116.434
116.418
116.372
116.372
116.372
116.362
116.378
116.383
116.372
116.372
116.372
116.367
116.378
116.413
116.434
116.444
116.444
116.459
116.469
116.474
116.485
116.490
116.505
116.515
116.526
116.536
116.536
116.536
116.505
116.531
116.556
116.577
116.561
116.541
116.495
116.469
116.505
116.474
116.454
116.434
116.459
116.480
116.515
116.592
116.673
116.745
116.750
116.765
116.872
116.893
116.934
116.974
116.990
117.026
117.051
117.061
117.092
117.128
117.148
117.184
117.219
117.255
117.291
117.327
117.372
117.413
117.454
117.490
117.531
117.571
117.607
117.638
117.679
117.699
117.735
117.786
117.852
117.939
117.964
117.990
118.031
118.102
118.173
118.270
118.342
118.367
118.454
118.536
118.617
118.704
118.781
118.852
118.913
118.980
119.041
119.112
119.163
119.184
119.235
119.245
119.301
119.332
119.332
119.337
119.367
119.383
119.408
119.444
119.464
119.474
119.485
119.500
119.515
119.520
119.531
119.546
119.556
119.566
119.571
119.577
119.582
119.551
119.571
119.592
119.607
119.612
119.628
119.638
119.653
119.663
119.668
119.673
119.684
119.694
119.689
119.699
119.719
119.719
119.719
119.745
119.760
119.770
119.750
119.740
119.735
119.730
119.704
119.714
119.714
119.730
119.709
119.719
119.740
119.719
119.709
119.719
119.735
119.755
119.745
119.740
119.699
119.679
119.658
119.658
119.658
119.663
119.648
119.653
119.653
119.668
119.704
119.663
119.658
119.597
119.526
119.526
119.520
119.520
119.520
119.526
119.520
119.526
119.536
119.546
119.531
119.515
119.520
119.474
119.418
119.378
119.332
119.342
119.342
119.316
119.327
119.357
119.337
119.332
119.321
119.357
119.321
119.332
119.286
119.316
119.296
119.281
119.265
119.296
119.311
119.357
119.378
119.418
119.444
119.444
119.449
119.485
119.495
119.515
119.526
119.546
119.602
119.602
119.663
119.745
119.745
119.765
119.791
119.821
119.852
119.893
119.918
119.903
119.893
119.913
119.944
119.949
120.026
120.097
120.148
120.199
120.168
120.163
120.219
120.240
120.230
120.230
120.255
120.235
120.219
120.265
120.214
120.291
120.286
120.296
120.311
120.332
120.327
120.316
120.332
120.347
120.347
120.316
120.337
120.347
120.362
120.337
120.347
120.347
120.352
120.342
120.367
120.388
120.403
120.383
120.383
120.372
120.347
120.306
120.286
120.270
120.291
120.306
120.311
120.296
120.306
120.286
120.281
120.281
120.281
120.332
120.357
120.352
120.337
120.342
120.337
120.342
120.378
120.393
120.378
120.434
120.444
120.439
120.423
120.393
120.352
120.332
120.342
120.342
120.342
120.327
120.367
120.378
120.388
120.378
120.352
120.357
120.383
120.367
120.398
120.357
120.347
120.362
120.408
120.418
120.423
120.459
120.449
120.469
120.485
120.515
120.546
120.577
120.597
120.617
120.658
120.684
120.699
120.724
120.745
120.719
120.694
120.714
120.750
120.801
120.811
120.832
120.862
120.913
120.934
120.954
120.995
121.046
121.097
121.122
121.092
121.071
121.026
121.041
121.066
121.020
121.020
121.031
121.041
121.107
121.117
121.112
121.138
121.148
121.168
121.189
121.112
121.082
121.077
121.097
121.097
121.168
121.158
121.179
121.194
121.209
121.163
121.184
121.194
121.204
121.168
121.189
121.204
121.214
121.240
121.286
121.311
121.260
121.204
121.204
121.184
121.179
121.158
121.138
121.112
121.087
121.066
121.061
121.082
121.153
121.189
121.240
121.235
121.235
121.276
121.276
121.281
121.260
121.270
121.204
121.199
121.199
121.194
121.214
121.204
121.260
121.260
121.265
121.230
121.209
121.153
121.158
121.128
121.097
121.071
121.102
121.077
121.056
121.026
121.041
121.015
120.990
120.959
120.954
120.908
120.867
120.888
120.918
120.903
120.883
120.878
120.862
120.857
120.832
120.806
120.796
120.776
120.760
120.745
120.735
120.719
120.694
120.679
120.668
120.648
120.622
120.622
120.587
120.628
120.602
120.582
120.561
120.541
120.520
120.505
120.510
120.480
120.454
120.434
120.434
120.408
120.393
120.367
120.347
120.286
120.219
120.219
120.209
120.153
120.128
120.107
120.107
120.046
120.041
120.041
120.046
120.046
120.015
120.026
120.015
120.026
119.990
120.010
120.020
120.015
119.974
119.964
119.959
119.959
119.913
119.918
119.913
119.913
119.878
119.862
119.867
119.862
119.847
119.852
119.816
119.821
119.816
119.816
119.801
119.745
119.745
119.745
119.735
119.735
119.689
119.673
119.653
119.633
119.653
119.684
119.607
119.526
119.526
119.505
119.464
119.429
119.459
119.454
119.429
119.398
119.367
119.362
119.342
119.301
119.265
119.270
119.240
119.209
119.189
119.163
119.128
119.097
119.061
119.077
119.046
118.995
118.954
118.944
118.888
118.827
118.806
118.786
118.694
118.679
118.643
118.607
118.566
118.536
118.561
118.515
118.500
118.480
118.459
118.474
118.439
118.418
118.378
118.321
118.286
118.301
118.342
118.316
118.281
118.270
118.245
118.230
118.204
118.168
118.153
118.133
118.117
118.082
118.061
118.015
117.969
117.918
117.872
117.816
117.781
117.704
117.689
117.684
117.663
117.622
117.607
117.602
117.592
117.577
117.551
117.490
117.429
117.439
117.444
117.429
117.429
117.383
117.383
117.372
117.383
117.347
117.327
117.296
117.270
117.209
117.153
117.128
117.122
117.092
117.061
117.061
117.092
117.102
117.112
117.138
117.158
117.184
117.214
117.189
117.209
117.224
117.255
117.276
117.311
117.347
117.378
117.408
117.434
117.500
117.582
117.587
117.592
117.602
117.638
117.633
117.582
117.597
117.648
117.689
117.745
117.760
117.760
117.714
117.679
117.628
117.622
117.587
117.541
117.495
117.485
117.459
117.418
117.388
117.429
117.469
117.526
117.566
117.577
117.546
117.526
117.526
117.531
117.526
117.485
117.454
117.423
117.378
117.408
117.393
117.362
117.316
117.291
117.265
117.245
117.245
117.250
117.245
117.224
117.209
117.204
117.189
117.138
117.082
117.071
117.051
117.026
116.995
116.959
116.883
116.852
116.811
116.791
116.770
116.786
116.796
116.740
116.745
116.745
116.750
116.724
116.740
116.755
116.750
116.719
116.673
116.628
116.612
116.622
116.602
116.561
116.531
116.485
116.485
116.469
116.449
116.429
116.393
116.337
116.316
116.291
116.265
116.245
116.224
116.194
116.163
116.148
116.128
116.102
116.077
116.041
116.046
116.056
116.066
116.107
116.097
116.082
116.082
116.092
116.117
116.158
116.189
116.209
116.209
116.209
116.260
116.270
116.281
116.270
116.296
116.301
116.291
116.291
116.291
116.291
116.301
116.311
116.347
116.367
116.383
116.403
116.434
116.444
116.459
116.444
116.444
116.439
116.464
116.474
116.490
116.495
116.480
116.480
116.485
116.474
116.474
116.480
116.480
116.459
116.469
116.480
116.485
116.485
116.485
116.480
116.469
116.469
116.495
116.485
116.495
116.505
116.515
116.520
116.526
116.546
116.551
116.566
116.561
116.566
116.571
116.592
116.597
116.592
116.546
116.515
116.520
116.520
116.520
116.505
116.464
116.454
116.434
116.439
116.480
116.520
116.500
116.515
116.520
116.541
116.536
116.582
116.571
116.597
116.597
116.633
116.648
116.673
116.679
116.704
116.730
116.745
116.735
116.760
116.765
116.735
116.689
116.658
116.699
116.724
116.730
116.745
116.776
116.811
116.811
116.832
116.837
116.883
116.918
116.949
116.969
116.959
117.010
117.071
117.138
117.158
117.173
117.179
117.163
117.209
117.230
117.255
117.260
117.265
117.276
117.316
117.316
117.342
117.367
117.418
117.429
117.495
117.526
117.592
117.612
117.648
117.679
117.740
117.770
117.796
117.837
117.893
117.913
117.969
118.071
118.168
118.255
118.291
118.321
118.372
118.408
118.434
118.459
118.505
118.541
118.587
118.582
118.556
118.577
118.607
118.658
118.694
118.694
118.724
118.770
118.801
118.847
118.929
118.969
119.010
119.056
119.097
119.138
119.153
119.204
119.189
119.214
119.179
119.209
119.235
119.250
119.250
119.184
119.168
119.179
119.184
119.148
119.138
119.158
119.163
119.189
119.179
119.194
119.189
119.138
119.097
119.102
119.056
119.056
119.010
119.000
118.985
118.959
118.913
118.913
118.918
118.959
118.918
118.913
118.898
118.867
118.898
118.898
118.872
118.852
118.832
118.816
118.801
118.770
118.760
118.735
118.709
118.709
118.689
118.750
118.755
118.806
118.786
118.786
118.781
118.765
118.847
118.867
118.862
118.867
118.878
118.888
118.816
118.811
118.806
118.827
118.811
118.821
118.888
118.944
118.949
119.000
119.005
119.051
119.066
119.087
119.128
119.173
119.184
119.214
119.235
119.296
119.306
119.342
119.367
119.403
119.418
119.393
119.429
119.469
119.505
119.520
119.566
119.597
119.622
119.638
119.638
119.653
119.658
119.653
119.607
119.622
119.633
119.638
119.663
119.663
119.679
119.694
119.709
119.750
119.755
119.816
119.827
119.821
119.827
119.842
119.852
119.867
119.883
119.878
119.878
119.872
119.878
119.867
119.867
119.862
119.867
119.832
119.832
119.837
119.827
119.796
119.816
119.842
119.837
119.801
119.867
119.867
119.816
119.786
119.796
119.750
119.750
119.735
119.755
119.796
119.796
119.796
119.796
119.872
119.893
119.903
119.908
119.923
119.939
119.954
119.964
119.969
119.995
120.020
120.046
120.066
120.092
120.117
120.133
120.148
120.173
120.199
120.250
120.296
120.327
120.383
120.434
120.485
120.531
120.571
120.643
120.658
120.694
120.735
120.806
120.816
120.842
120.878
120.944
120.959
120.990
121.061
121.112
121.153
121.235
121.255
121.316
121.347
121.342
121.388
121.423
121.474
121.480
121.495
121.520
121.546
121.561
121.577
121.577
121.592
121.602
121.612
121.638
121.663
121.679
121.694
121.719
121.750
121.770
121.781
121.781
121.786
121.796
121.821
121.821
121.832
121.837
121.847
121.857
121.872
121.908
121.903
121.913
121.923
121.939
121.934
121.944
121.959
121.964
121.980
121.985
122.000
121.969
121.974
121.990
121.985
121.964
122.005
122.015
122.026
121.995
122.020
122.041
122.046
122.026
122.046
122.066
122.097
122.066
122.092
122.112
122.107
122.077
122.087
122.051
122.046
122.026
122.036
122.031
122.015
121.939
121.913
121.898
121.878
121.867
121.852
121.837
121.816
121.796
121.781
121.770
121.770
121.740
121.714
121.704
121.673
121.648
121.648
121.587
121.566
121.546
121.551
121.526
121.505
121.495
121.490
121.459
121.434
121.378
121.378
121.342
121.316
121.306
121.327
121.276
121.240
121.219
121.230
121.199
121.184
121.179
121.184
121.163
121.148
121.138
121.138
121.112
121.077
121.082
121.122
121.122
121.107
121.107
121.097
121.092
121.077
121.026
121.010
120.985
120.985
120.969
120.980
120.985
120.974
120.980
120.974
120.985
121.036
121.041
121.051
121.061
121.071
121.071
121.056
121.071
121.077
121.092
121.143
121.173
121.199
121.214
121.224
121.235
121.265
121.286
121.296
121.316
121.316
121.316
121.316
121.332
121.316
121.367
121.367
121.362
121.337
121.372
121.378
121.403
121.367
121.388
121.388
121.388
121.352
121.362
121.418
121.429
121.429
121.362
121.367
121.357
121.311
121.327
121.291
121.296
121.260
121.179
121.122
121.051
120.990
120.974
120.964
120.974
120.954
120.944
120.929
120.913
120.872
120.801
120.760
120.704
120.628
120.607
120.577
120.541
120.515
120.495
120.469
120.434
120.378
120.367
120.337
120.301
120.265
120.250
120.214
120.158
120.128
120.133
120.092
120.066
120.026
120.015
119.974
119.872
119.827
119.816
119.847
119.816
119.796
119.816
119.776
119.776
119.735
119.719
119.694
119.709
119.709
119.714
119.663
119.607
119.556
119.531
119.485
119.434
119.393
119.383
119.408
119.393
119.388
119.408
119.362
119.327
119.296
119.270
119.255
119.224
119.204
119.163
119.148
119.133
119.056
119.000
118.929
118.837
118.816
118.786
118.770
118.699
118.628
118.571
118.505
118.439
118.434
118.372
118.296
118.214
118.128
118.056
117.964
117.893
117.832
117.776
117.750
117.740
117.673
117.648
117.597
117.556
117.561
117.556
117.541
117.510
117.500
117.485
117.459
117.413
117.393
117.378
117.357
117.337
117.321
117.265
117.245
117.204
117.184
117.112
117.133
117.107
117.066
117.102
117.128
117.128
117.168
117.158
117.133
117.107
117.112
117.128
117.143
117.179
117.209
117.235
117.240
117.240
117.265
117.240
117.204
117.240
117.270
117.286
117.301
117.235
117.214
117.184
117.143
117.107
117.066
116.985
116.908
116.857
116.816
116.781
116.750
116.719
116.704
116.622
116.577
116.500
116.495
116.408
116.378
116.357
116.352
116.327
116.286
116.255
116.235
116.219
116.143
116.117
116.143
116.117
116.107
116.092
116.026
115.990
115.974
115.903
115.832
115.755
115.709
115.673
115.673
115.673
115.704
115.755
115.750
115.730
115.679
115.663
115.648
115.668
115.684
115.719
115.765
115.811
115.816
115.842
115.847
115.862
115.821
115.811
115.811
115.816
115.832
115.852
115.898
115.888
115.883
115.893
115.883
115.872
115.837
115.867
115.867
115.862
115.847
115.908
115.913
115.898
115.872
115.867
115.867
115.898
115.918
115.913
115.949
115.990
116.046
116.066
116.102
116.128
116.122
116.133
116.112
116.107
116.107
116.148
116.148
116.184
116.168
116.173
116.158
116.148
116.138
116.173
116.194
116.209
116.224
116.270
116.270
116.265
116.255
116.291
116.265
116.276
116.286
116.362
116.403
116.398
116.388
116.413
116.454
116.444
116.434
116.449
116.429
116.398
116.408
116.429
116.429
116.413
116.434
116.454
116.469
116.485
116.485
116.500
116.526
116.551
116.561
116.582
116.612
116.648
116.679
116.699
116.668
116.684
116.709
116.745
116.770
116.801
116.811
116.796
116.770
116.730
116.724
116.735
116.740
116.704
116.704
116.719
116.709
116.694
116.689
116.643
116.648
116.628
116.643
116.628
116.643
116.602
116.617
116.622
116.622
116.602
116.628
116.612
116.638
116.617
116.648
116.633
116.638
116.622
116.622
116.633
116.617
116.587
116.541
116.541
116.541
116.510
116.505
116.495
116.495
116.526
116.510
116.505
116.505
116.510
116.485
116.490
116.526
116.526
116.526
116.480
116.474
116.408
116.408
116.372
116.372
116.398
116.439
116.408
116.459
116.449
116.408
116.413
116.469
116.490
116.474
116.480
116.505
116.515
116.566
116.582
116.612
116.617
116.628
116.633
116.663
116.668
116.699
116.740
116.760
116.765
116.791
116.837
116.806
116.801
116.827
116.832
116.791
116.745
116.724
116.694
116.679
116.668
116.638
116.592
116.566
116.577
116.592
116.607
116.607
116.622
116.719
116.786
116.770
116.791
116.811
116.842
116.898
116.903
116.939
116.995
116.995
116.980
116.974
117.031
117.041
117.046
117.071
117.087
117.082
117.107
117.122
117.173
117.158
117.168
117.199
117.219
117.184
117.189
117.209
117.219
117.199
117.230
117.209
117.209
117.173
117.199
117.230
117.230
117.265
117.281
117.301
117.347
117.372
117.393
117.398
117.454
117.500
117.531
117.541
117.541
117.556
117.658
117.673
117.679
117.673
117.673
117.694
117.709
117.694
117.719
117.755
117.776
117.827
117.852
117.878
117.893
117.903
117.939
117.939
117.954
117.959
117.995
118.005
118.010
118.015
118.051
118.071
118.097
118.128
118.179
118.163
118.184
118.168
118.235
118.276
118.321
118.337
118.367
118.408
118.429
118.454
118.531
118.577
118.612
118.622
118.658
118.730
118.750
118.760
118.740
118.760
118.776
118.781
118.816
118.852
118.878
118.893
118.969
118.980
118.995
119.026
118.974
118.959
118.954
118.878
118.898
118.908
118.913
118.918
118.918
118.929
118.954
118.969
118.990
119.026
119.041
119.046
119.051
119.071
119.102
119.143
119.209
119.224
119.199
119.168
119.189
119.173
119.138
119.158
119.102
119.066
119.046
119.051
119.071
119.082
119.056
119.071
119.097
119.107
119.082
119.066
119.082
119.051
119.031
119.051
119.061
119.077
119.087
119.097
119.071
119.133
119.168
119.194
119.286
119.291
119.250
119.270
119.286
119.316
119.342
119.342
119.357
119.357
119.367
119.383
119.408
119.418
119.434
119.485
119.515
119.520
119.536
119.597
119.663
119.735
119.796
119.862
119.888
119.959
120.036
120.077
120.077
120.056
120.056
120.087
120.092
120.102
120.153
120.163
120.204
120.219
120.255
120.276
120.276
120.260
120.230
120.235
120.199
120.240
120.260
120.291
120.301
120.327
120.372
120.464
120.505
120.520
120.541
120.551
120.587
120.587
120.612
120.638
120.663
120.673
120.704
120.724
120.740
120.765
120.806
120.791
120.806
120.801
120.811
120.821
120.857
120.872
120.913
120.934
120.980
121.015
121.071
121.112
121.163
121.189
121.199
121.235
121.296
121.301
121.327
121.372
121.418
121.408
121.464
121.536
121.556
121.587
121.577
121.566
121.582
121.561
121.577
121.577
121.577
121.551
121.571
121.587
121.587
121.551
121.561
121.566
121.546
121.515
121.531
121.546
121.566
121.577
121.597
121.602
121.648
121.628
121.673
121.704
121.740
121.750
121.714
121.673
121.668
121.653
121.673
121.694
121.704
121.719
121.750
121.776
121.786
121.801
121.837
121.867
121.862
121.867
121.888
121.883
121.893
121.934
121.990
122.036
122.087
122.107
122.112
122.117
122.122
122.138
122.168
122.143
122.133
122.153
122.199
122.224
122.235
122.265
122.316
122.327
122.316
122.245
122.245
122.224
122.219
122.224
122.265
122.260
122.250
122.245
122.240
122.286
122.332
122.347
122.367
122.357
122.342
122.342
122.327
122.321
122.321
122.281
122.265
122.260
122.240
122.245
122.204
122.235
122.245
122.230
122.214
122.209
122.189
122.163
122.148
122.199
122.189
122.184
122.179
122.189
122.199
122.209
122.219
122.224
122.199
122.194
122.194
122.194
122.143
122.148
122.209
122.219
122.179
122.163
122.163
122.163
122.128
122.128
122.122
122.112
122.082
122.087
122.077
122.061
122.051
122.046
122.036
122.041
122.020
122.015
122.036
122.026
122.015
122.010
122.000
122.020
122.010
121.990
121.985
121.980
121.969
121.974
121.949
121.923
121.888
121.867
121.827
121.796
121.760
121.760
121.740
121.714
121.679
121.597
121.556
121.531
121.490
121.500
121.474
121.449
121.398
121.367
121.301
121.209
121.138
121.077
121.020
120.934
120.878
120.847
120.786
120.740
120.679
120.633
120.571
120.495
120.434
120.347
120.260
120.189
120.092
120.041
119.990
119.939
119.893
119.837
119.786
119.684
119.607
119.541
119.474
119.429
119.347
119.316
119.276
119.230
119.189
119.153
119.107
119.066
119.020
118.964
118.980
118.969
118.908
118.852
118.827
118.786
118.745
118.730
118.714
118.719
118.740
118.745
118.745
118.719
118.740
118.719
118.704
118.658
118.617
118.617
118.582
118.561
118.541
118.531
118.556
118.546
118.520
118.561
118.546
118.495
118.480
118.454
118.434
118.393
118.418
118.429
118.418
118.403
118.408
118.439
118.418
118.378
118.367
118.352
118.327
118.286
118.260
118.245
118.240
118.250
118.235
118.245
118.250
118.224
118.209
118.189
118.148
118.158
118.138
118.117
118.097
118.102
118.087
118.061
118.046
118.020
118.015
118.010
118.000
118.010
118.010
118.010
117.985
117.964
117.974
117.980
117.959
117.939
117.954
117.893
117.883
117.857
117.847
117.837
117.816
117.801
117.791
117.770
117.740
117.730
117.750
117.730
117.714
117.709
117.724
117.714
117.689
117.673
117.658
117.617
117.566
117.510
117.469
117.418
117.367
117.352
117.327
117.250
117.179
117.122
117.082
117.071
117.046
117.026
117.020
117.020
117.000
116.985
116.934
116.908
116.867
116.816
116.786
116.765
116.724
116.694
116.679
116.653
116.653
116.638
116.628
116.633
116.597
116.587
116.582
116.561
116.526
116.520
116.480
116.464
116.449
116.439
116.418
116.393
116.362
116.362
116.367
116.347
116.327
116.352
116.378
116.372
116.393
116.413
116.413
116.398
116.459
116.510
116.541
116.551
116.531
116.515
116.515
116.510
116.495
116.495
116.464
116.464
116.464
116.490
116.520
116.526
116.510
116.536
116.541
116.520
116.515
116.531
116.531
116.526
116.505
116.515
116.490
116.474
116.464
116.464
116.449
116.464
116.403
116.413
116.393
116.388
116.378
116.352
116.316
116.276
116.260
116.250
116.219
116.163
116.138
116.077
116.015
115.974
115.929
115.893
115.857
115.857
115.867
115.888
115.852
115.867
115.832
115.857
115.837
115.867
115.903
115.918
115.883
115.847
115.816
115.786
115.806
115.821
115.832
115.832
115.832
115.837
115.857
115.888
115.903
115.878
115.847
115.821
115.801
115.770
115.740
115.755
115.735
115.714
115.673
115.684
115.740
115.724
115.704
115.714
115.760
115.750
115.827
115.883
115.934
115.949
116.010
116.082
116.097
116.112
116.107
116.117
116.128
116.184
116.168
116.214
116.194
116.224
116.209
116.209
116.219
116.281
116.327
116.378
116.439
116.429
116.429
116.459
116.469
116.459
116.464
116.449
116.454
116.459
116.474
116.515
116.577
116.638
116.709
116.765
116.832
116.867
116.903
116.964
116.964
116.918
116.990
117.036
117.071
117.087
117.148
117.133
117.143
117.143
117.179
117.184
117.194
117.235
117.260
117.265
117.276
117.250
117.281
117.327
117.357
117.408
117.449
117.485
117.515
117.536
117.556
117.597
117.622
117.633
117.612
117.638
117.658
117.714
117.765
117.811
117.857
117.883
117.913
117.985
118.026
118.015
118.036
118.051
118.071
118.077
118.097
118.138
118.143
118.204
118.296
118.316
118.378
118.388
118.408
118.434
118.490
118.480
118.500
118.526
118.520
118.505
118.515
118.551
118.602
118.622
118.679
118.699
118.684
118.653
118.607
118.592
118.602
118.602
118.597
118.597
118.587
118.577
118.587
118.638
118.648
118.638
118.617
118.628
118.612
118.566
118.571
118.561
118.561
118.556
118.592
118.561
118.546
118.531
118.531
118.541
118.510
118.490
118.444
118.413
118.393
118.367
118.367
118.362
118.347
118.321
118.347
118.372
118.388
118.398
118.403
118.403
118.398
118.372
118.362
118.347
118.316
118.321
118.337
118.362
118.357
118.347
118.342
118.342
118.311
118.311
118.306
118.306
118.296
118.281
118.281
118.286
118.240
118.214
118.250
118.250
118.255
118.265
118.286
118.301
118.321
118.347
118.378
118.403
118.408
118.459
118.526
118.582
118.597
118.633
118.663
118.673
118.673
118.689
118.714
118.740
118.755
118.796
118.832
118.878
118.888
118.913
118.949
118.964
118.990
119.010
119.041
119.087
119.122
119.158
119.184
119.199
119.219
119.270
119.301
119.342
119.357
119.393
119.429
119.464
119.495
119.566
119.628
119.658
119.668
119.704
119.714
119.714
119.719
119.740
119.765
119.791
119.811
119.832
119.842
119.852
119.867
119.903
119.918
119.913
119.918
119.934
119.944
119.949
119.969
120.000
120.020
120.041
120.066
120.097
120.107
120.117
120.148
120.138
120.153
120.133
120.112
120.102
120.107
120.112
120.138
120.143
120.133
120.112
120.133
120.153
120.173
120.179
120.184
120.189
120.204
120.173
120.189
120.204
120.209
120.219
120.250
120.260
120.291
120.291
120.286
120.301
120.332
120.327
120.342
120.347
120.347
120.337
120.332
120.337
120.347
120.332
120.342
120.321
120.321
120.260
120.245
120.209
120.184
120.143
120.133
120.097
120.128
120.128
120.163
120.173
120.189
120.184
120.158
120.138
120.133
120.153
120.173
120.122
120.128
120.122
120.128
120.128
120.117
120.107
120.133
120.128
120.133
120.117
120.112
120.087
120.097
120.102
120.097
120.071
120.036
120.000
119.969
119.908
119.883
119.878
119.883
119.883
119.893
119.903
119.929
119.929
119.923
119.903
119.923
119.903
119.913
119.918
119.929
119.898
119.888
119.837
119.791
119.765
119.791
119.816
119.832
119.847
119.827
119.806
119.781
119.755
119.796
119.806
119.816
119.832
119.847
119.872
119.888
119.903
119.918
119.934
119.954
119.969
120.000
119.995
120.005
120.031
120.051
120.082
120.102
120.148
120.214
120.250
120.265
120.286
120.327
120.342
120.362
120.372
120.372
120.367
120.388
120.439
120.459
120.500
120.536
120.592
120.622
120.673
120.724
120.801
120.796
120.801
120.776
120.776
120.781
120.837
120.893
120.939
120.964
120.985
120.990
120.990
120.974
120.969
120.969
120.944
120.929
120.939
120.934
120.923
120.923
120.918
120.934
120.923
120.923
120.903
120.878
120.888
120.888
120.888
120.883
120.878
120.857
120.888
120.893
120.898
120.923
120.954
121.010
121.036
121.046
121.051
121.026
121.000
121.000
121.041
121.071
121.107
121.133
121.179
121.184
121.168
121.133
121.179
121.173
121.189
121.199
121.235
121.255
121.265
121.286
121.316
121.296
121.281
121.291
121.276
121.270
121.260
121.276
121.286
121.296
121.260
121.245
121.245
121.286
121.316
121.332
121.347
121.342
121.337
121.332
121.357
121.332
121.337
121.327
121.301
121.286
121.270
121.235
121.194
121.168
121.168
121.163
121.107
121.071
121.015
120.929
120.893
120.816
120.781
120.776
120.745
120.658
120.617
120.536
120.515
120.485
120.434
120.403
120.372
120.327
120.311
120.316
120.321
120.347
120.306
120.296
120.281
120.260
120.199
120.204
120.204
120.199
120.143
120.133
120.082
120.051
120.005
119.985
119.964
119.939
119.898
119.883
119.867
119.852
119.816
119.791
119.791
119.801
119.801
119.791
119.770
119.796
119.801
119.765
119.806
119.765
119.765
119.730
119.709
119.760
119.806
119.816
119.852
119.832
119.827
119.816
119.801
119.791
119.796
119.806
119.791
119.776
119.760
119.765
119.760
119.750
119.735
119.760
119.760
119.750
119.724
119.750
119.735
119.699
119.653
119.643
119.633
119.633
119.556
119.505
119.459
119.413
119.378
119.342
119.316
119.291
119.286
119.301
119.306
119.321
119.296
119.296
119.347
119.352
119.378
119.408
119.439
119.449
119.454
119.444
119.454
119.459
119.459
119.454
119.474
119.464
119.439
119.413
119.403
119.357
119.276
119.235
119.209
119.168
119.153
119.138
119.082
119.026
119.005
118.980
118.888
118.811
118.776
118.786
118.760
118.679
118.582
118.577
118.531
118.480
118.480
118.480
118.490
118.434
118.429
118.393
118.357
118.291
118.270
118.250
118.219
118.158
118.117
118.087
118.071
117.990
117.934
117.883
117.862
117.827
117.770
117.653
117.551
117.449
117.413
117.393
117.321
117.286
117.240
117.260
117.184
117.112
117.066
117.020
117.005
117.020
117.010
116.990
116.954
117.005
117.041
117.087
117.000
117.005
117.041
117.107
117.133
117.143
117.143
117.082
117.005
117.000
117.036
117.010
116.990
116.990
117.010
116.990
116.980
116.959
116.954
116.949
116.934
116.913
116.959
117.000
117.000
116.990
116.974
116.974
117.031
117.092
117.133
117.138
117.128
117.168
117.173
117.153
117.158
117.230
117.291
117.321
117.270
117.209
117.148
117.138
117.112
117.128
117.071
117.051
116.969
116.985
116.944
116.898
116.857
116.862
116.913
116.959
116.985
117.046
117.031
117.020
116.964
116.969
116.954
116.954
116.923
116.934
116.939
116.954
116.903
116.852
116.857
116.852
116.816
116.806
116.735
116.673
116.643
116.602
116.597
116.607
116.541
116.551
116.520
116.526
116.500
116.439
116.362
116.316
116.230
116.224
116.255
116.240
116.179
116.128
116.112
116.117
116.066
116.143
116.204
116.255
116.316
116.291
116.281
116.276
116.230
116.199
116.153
116.143
116.128
116.122
116.066
116.015
115.959
115.974
115.974
115.929
115.878
115.862
115.867
115.827
115.832
115.857
115.872
115.934
115.949
115.974
116.020
116.000
116.000
116.077
116.071
116.107
116.056
116.107
116.138
116.199
116.245
116.337
116.403
116.388
116.444
116.520
116.587
116.607
116.653
116.694
116.689
116.694
116.679
116.679
116.735
116.735
116.724
116.750
116.781
116.806
116.816
116.837
116.883
116.918
116.974
117.010
117.026
117.005
117.041
117.077
117.128
117.158
117.179
117.163
117.158
117.112
117.112
117.148
117.148
117.133
117.148
117.122
117.107
117.077
117.066
117.102
117.133
117.143
117.143
117.128
117.122
117.102
117.112
117.138
117.163
117.163
117.148
117.128
117.148
117.153
117.163
117.189
117.199
117.199
117.219
117.250
117.260
117.296
117.316
117.337
117.362
117.388
117.413
117.439
117.474
117.495
117.526
117.551
117.577
117.602
117.638
117.679
117.704
117.668
117.689
117.689
117.699
117.704
117.719
117.724
117.709
117.704
117.699
117.719
117.735
117.740
117.765
117.786
117.791
117.796
117.821
117.837
117.832
117.827
117.842
117.847
117.883
117.852
117.827
117.816
117.750
117.704
117.679
117.622
117.577
117.546
117.526
117.526
117.520
117.500
117.495
117.490
117.464
117.423
117.418
117.413
117.403
117.362
117.352
117.296
117.255
117.194
117.219
117.235
117.240
117.235
117.245
117.265
117.270
117.316
117.342
117.388
117.383
117.388
117.398
117.418
117.418
117.439
117.474
117.510
117.531
117.566
117.602
117.597
117.587
117.577
117.607
117.658
117.663
117.745
117.811
117.867
117.929
118.000
118.071
118.112
118.138
118.173
118.214
118.265
118.291
118.321
118.388
118.423
118.444
118.469
118.541
118.577
118.653
118.724
118.821
118.898
118.954
119.000
119.056
119.102
119.143
119.194
119.240
119.270
119.296
119.332
119.367
119.408
119.444
119.495
119.526
119.551
119.566
119.612
119.633
119.638
119.694
119.760
119.816
119.878
119.913
119.964
119.995
120.005
120.036
120.077
120.097
120.122
120.153
120.189
120.209
120.230
120.230
120.260
120.296
120.311
120.327
120.362
120.393
120.408
120.423
120.444
120.444
120.459
120.469
120.474
120.485
120.495
120.510
120.526
120.536
120.541
120.561
120.597
120.617
120.643
120.668
120.684
120.699
120.724
120.735
120.745
120.760
120.755
120.745
120.750
120.770
120.781
120.801
120.801
120.811
120.811
120.842
120.847
120.862
120.857
120.867
120.872
120.878
120.852
120.862
120.888
120.903
120.898
120.908
120.918
120.929
120.903
120.898
120.903
120.913
120.923
120.934
120.954
120.969
120.980
121.000
121.010
121.020
121.020
121.041
121.041
121.051
121.066
121.051
121.061
121.071
121.077
121.082
121.097
121.112
121.112
121.122
121.158
121.179
121.189
121.194
121.189
121.204
121.219
121.240
121.250
121.250
121.260
121.291
121.286
121.301
121.306
121.342
121.347
121.352
121.357
121.383
121.393
121.398
121.398
121.444
121.459
121.474
121.490
121.495
121.490
121.485
121.495
121.505
121.510
121.520
121.520
121.536
121.536
121.546
121.551
121.561
121.592
121.592
121.597
121.597
121.597
121.582
121.592
121.607
121.617
121.622
121.607
121.612
121.617
121.633
121.638
121.628
121.617
121.602
121.602
121.602
121.546
121.541
121.505
121.490
121.495
121.490
121.474
121.469
121.444
121.408
121.372
121.367
121.352
121.347
121.337
121.316
121.321
121.316
121.321
121.316
121.306
121.286
121.276
121.281
121.276
121.255
121.250
121.245
121.235
121.204
121.204
121.189
121.194
121.168
121.179
121.163
121.153
121.138
121.143
121.143
121.128
121.107
121.102
121.097
121.102
121.102
121.107
121.122
121.122
121.153
121.143
121.179
121.189
121.184
121.189
121.199
121.199
121.209
121.240
121.276
121.281
121.286
121.291
121.296
121.306
121.311
121.316
121.301
121.301
121.311
121.316
121.311
121.296
121.296
121.306
121.301
121.291
121.286
121.301
121.286
121.286
121.265
121.281
121.270
121.270
121.260
121.265
121.255
121.255
121.240
121.250
121.235
121.153
121.107
121.066
121.031
120.974
120.939
120.913
120.903
120.862
120.827
120.786
120.745
120.709
120.679
120.653
120.617
120.582
120.546
120.500
120.459
120.413
120.372
120.327
120.291
120.260
120.219
120.173
120.122
120.082
120.046
119.985
119.939
119.888
119.842
119.806
119.765
119.724
119.668
119.638
119.607
119.551
119.510
119.474
119.423
119.367
119.327
119.296
119.260
119.204
119.235
119.224
119.224
119.179
119.163
119.102
119.092
119.046
119.026
119.020
118.990
118.954
118.929
118.903
118.883
118.847
118.827
118.796
118.786
118.765
118.755
118.730
118.709
118.684
118.663
118.638
118.612
118.607
118.577
118.561
118.561
118.541
118.541
118.531
118.500
118.474
118.454
118.449
118.423
118.388
118.388
118.357
118.311
118.301
118.296
118.276
118.240
118.204
118.204
118.189
118.158
118.128
118.133
118.117
118.138
118.112
118.117
118.092
118.061
118.061
118.066
118.046
118.026
118.005
118.000
117.980
117.969
117.929
117.918
117.888
117.872
117.878
117.878
117.867
117.872
117.883
117.883
117.898
117.893
117.893
117.898
117.888
117.883
117.888
117.883
117.888
117.888
117.888
117.898
117.888
117.903
117.918
117.923
117.913
117.913
117.934
117.944
117.939
117.934
117.944
117.949
117.959
117.949
117.944
117.949
117.949
117.949
117.908
117.908
117.908
117.893
117.908
117.908
117.918
117.903
117.908
117.939
117.944
117.934
117.944
117.923
117.903
117.888
117.872
117.857
117.847
117.821
117.816
117.806
117.791
117.781
117.765
117.760
117.760
117.735
117.719
117.709
117.679
117.679
117.658
117.663
117.658
117.658
117.653
117.638
117.638
117.633
117.628
117.592
117.566
117.536
117.536
117.505
117.485
117.464
117.429
117.439
117.413
117.383
117.367
117.332
117.316
117.265
117.255
117.235
117.209
117.184
117.179
117.148
117.138
117.128
117.117
117.092
117.071
117.051
117.041
117.015
116.990
116.964
116.898
116.867
116.842
116.816
116.811
116.801
116.781
116.755
116.735
116.704
116.673
116.638
116.612
116.592
116.556
116.526
116.500
116.474
116.485
116.485
116.485
116.474
116.469
116.464
116.454
116.464
116.469
116.459
116.454
116.464
116.459
116.454
116.469
116.474
116.449
116.423
116.439
116.459
116.459
116.469
116.474
116.464
116.449
116.439
116.429
116.408
116.378
116.357
116.347
116.398
116.398
116.383
116.372
116.347
116.337
116.332
116.347
116.342
116.342
116.347
116.362
116.372
116.357
116.383
116.362
116.352
116.352
116.357
116.347
116.337
116.342
116.357
116.367
116.378
116.388
116.388
116.403
116.418
116.429
116.439
116.429
116.429
116.439
116.413
116.429
116.418
116.403
116.418
116.413
116.357
116.378
116.403
116.423
116.429
116.413
116.418
116.388
116.403
116.408
116.423
116.434
116.449
116.480
116.490
116.510
116.531
116.541
116.561
116.577
116.582
116.592
116.602
116.612
116.653
116.673
116.679
116.668
116.689
116.714
116.730
116.745
116.745
116.755
116.770
116.801
116.816
116.806
116.816
116.832
116.862
116.878
116.872
116.929
116.944
116.949
116.969
116.974
116.980
117.051
117.056
117.046
117.036
117.056
117.107
117.153
117.173
117.194
117.194
117.158
117.143
117.163
117.158
117.168
117.163
117.168
117.158
117.168
117.153
117.168
117.173
117.199
117.179
117.179
117.184
117.204
117.204
117.189
117.194
117.199
117.199
117.214
117.230
117.245
117.245
117.260
117.281
117.286
117.286
117.260
117.270
117.296
117.311
117.321
117.337
117.342
117.362
117.378
117.383
117.383
117.388
117.418
117.403
117.403
117.408
117.454
117.444
117.423
117.449
117.464
117.434
117.434
117.439
117.449
117.459
117.474
117.449
117.480
117.474
117.474
117.434
117.439
117.413
117.408
117.403
117.439
117.474
117.485
117.495
117.485
117.500
117.526
117.546
117.566
117.597
117.643
117.673
117.714
117.770
117.811
117.832
117.862
117.903
117.934
117.959
117.964
117.990
118.031
118.071
118.133
118.168
118.230
118.281
118.281
118.321
118.367
118.418
118.449
118.485
118.495
118.526
118.556
118.577
118.592
118.628
118.679
118.689
118.714
118.699
118.755
118.796
118.837
118.862
118.888
118.903
118.908
118.929
118.939
118.980
118.964
118.964
118.959
118.949
118.883
118.847
118.786
118.776
118.750
118.740
118.745
118.740
118.709
118.694
118.689
118.699
118.679
118.663
118.663
118.658
118.633
118.617
118.602
118.622
118.607
118.612
118.622
118.643
118.658
118.714
118.730
118.684
118.694
118.709
118.714
118.699
118.673
118.648
118.684
118.704
118.714
118.735
118.765
118.750
118.765
118.801
118.811
118.842
118.862
118.908
118.867
118.842
118.832
118.857
118.852
118.939
118.929
118.980
119.000
119.026
119.061
119.107
119.148
119.173
119.199
119.250
119.276
119.301
119.332
119.372
119.403
119.439
119.469
119.474
119.490
119.515
119.551
119.577
119.561
119.577
119.653
119.673
119.673
119.699
119.750
119.806
119.857
119.878
119.898
119.923
119.929
119.944
119.995
120.010
120.015
120.026
120.010
120.020
120.026
120.082
120.143
120.168
120.245
120.301
120.321
120.388
120.408
120.429
120.449
120.459
120.485
120.480
120.515
120.531
120.546
120.556
120.577
120.592
120.607
120.602
120.612
120.638
120.689
120.694
120.719
120.740
120.750
120.791
120.837
120.867
120.908
120.934
120.934
120.939
120.964
120.985
121.020
121.015
121.020
121.041
121.041
121.051
121.056
121.066
121.046
121.066
121.056
121.066
121.087
121.102
121.148
121.128
121.133
121.128
121.122
121.112
121.112
121.102
121.102
121.097
121.112
121.097
121.097
121.066
121.071
121.056
121.041
121.031
121.046
121.041
121.036
121.031
121.020
121.015
121.010
121.005
121.015
121.005
120.990
120.974
120.990
121.000
121.015
121.000
120.995
120.985
121.010
121.026
121.046
121.031
121.010
121.005
121.015
121.066
121.066
121.092
121.077
121.082
121.082
121.082
121.102
121.117
121.128
121.128
121.133
121.122
121.117
121.117
121.117
121.122
121.128
121.128
121.158
121.163
121.138
121.107
121.082
121.046
121.031
121.031
121.041
121.026
120.990
121.000
121.005
121.000
120.954
120.898
120.837
120.776
120.740
120.699
120.719
120.699
120.668
120.658
120.663
120.663
120.668
120.704
120.735
120.740
120.704
120.730
120.740
120.770
120.760
120.770
120.781
120.786
120.776
120.781
120.735
120.745
120.704
120.673
120.633
120.633
120.633
120.638
120.643
120.633
120.638
120.663
120.709
120.740
120.781
120.801
120.806
120.801
120.847
120.883
120.878
120.898
120.908
120.949
121.015
121.041
121.097
121.128
121.117
121.117
121.143
121.138
121.143
121.138
121.128
121.077
121.066
121.010
121.000
120.980
120.939
120.893
120.827
120.837
120.832
120.827
120.776
120.765
120.755
120.791
120.750
120.786
120.781
120.801
120.781
120.770
120.760
120.750
120.673
120.648
120.643
120.633
120.612
120.592
120.561
120.541
120.520
120.510
120.505
120.480
120.464
120.449
120.444
120.434
120.474
120.444
120.439
120.449
120.418
120.413
120.439
120.429
120.413
120.413
120.485
120.429
120.413
120.352
120.367
120.362
120.372
120.413
120.403
120.347
120.321
120.347
120.342
120.286
120.255
120.270
120.276
120.245
120.245
120.240
120.224
120.173
120.148
120.204
120.199
120.112
120.097
120.082
120.077
120.051
120.036
119.980
119.893
119.801
119.750
119.673
119.658
119.592
119.546
119.526
119.505
119.464
119.423
119.367
119.347
119.337
119.260
119.209
119.143
119.112
119.117
119.133
119.168
119.168
119.173
119.153
119.087
119.066
119.071
119.056
119.000
118.990
118.964
118.923
118.898
118.878
118.903
118.867
118.847
118.837
118.857
118.806
118.740
118.684
118.689
118.622
118.612
118.536
118.531
118.520
118.546
118.602
118.612
118.643
118.684
118.653
118.673
118.679
118.643
118.638
118.643
118.648
118.668
118.638
118.607
118.638
118.648
118.617
118.546
118.500
118.434
118.413
118.393
118.362
118.357
118.372
118.337
118.321
118.296
118.306
118.245
118.255
118.250
118.224
118.194
118.173
118.148
118.133
118.036
117.974
117.934
117.929
117.934
117.908
117.867
117.791
117.781
117.724
117.622
117.597
117.561
117.536
117.454
117.388
117.352
117.332
117.281
117.260
117.245
117.230
117.224
117.173
117.158
117.158
117.138
117.097
117.128
117.168
117.189
117.224
117.153
117.112
117.056
117.000
116.954
116.883
116.796
116.776
116.760
116.765
116.755
116.735
116.699
116.679
116.658
116.658
116.648
116.694
116.694
116.740
116.745
116.730
116.781
116.816
116.862
116.821
116.857
116.918
116.898
116.888
116.918
116.954
116.990
117.010
117.005
117.015
117.026
117.020
117.015
117.026
117.061
117.061
117.046
117.041
117.061
117.061
117.015
117.020
117.020
117.071
117.077
117.122
117.158
117.173
117.240
117.301
117.321
117.337
117.296
117.250
117.281
117.301
117.301
117.296
117.291
117.276
117.276
117.296
117.296
117.301
117.311
117.301
117.306
117.291
117.367
117.357
117.357
117.352
117.357
117.362
117.367
117.337
117.332
117.337
117.337
117.270
117.270
117.270
117.265
117.214
117.204
117.194
117.199
117.163
117.158
117.184
117.168
117.143
117.133
117.133
117.128
117.102
117.128
117.122
117.128
117.087
117.061
117.112
117.158
117.143
117.133
117.117
117.128
117.122
117.128
117.138
117.133
117.133
117.133
117.128
117.138
117.143
117.153
117.148
117.179
117.163
117.194
117.209
117.235
117.260
117.306
117.332
117.347
117.372
117.444
117.464
117.474
117.495
117.561
117.592
117.612
117.638
117.694
117.714
117.750
117.776
117.816
117.842
117.878
117.908
117.949
117.964
118.000
118.020
118.071
118.097
118.112
118.143
118.173
118.209
118.260
118.296
118.332
118.347
118.357
118.362
118.378
118.378
118.357
118.352
118.372
118.408
118.439
118.398
118.393
118.362
118.327
118.296
118.296
118.281
118.209
118.173
118.107
118.097
118.066
118.056
118.036
118.036
118.005
118.000
117.985
117.939
117.903
117.893
117.893
117.857
117.806
117.801
117.781
117.760
117.714
117.684
117.668
117.638
117.582
117.577
117.551
117.551
117.536
117.520
117.505
117.480
117.464
117.469
117.480
117.434
117.408
117.398
117.408
117.393
117.372
117.352
117.388
117.429
117.474
117.515
117.541
117.541
117.561
117.622
117.668
117.735
117.740
117.770
117.796
117.796
117.801
117.832
117.852
117.847
117.893
117.934
117.878
117.878
117.867
117.923
117.929
117.903
117.878
117.867
117.821
117.821
117.837
117.898
117.903
117.918
117.908
117.918
117.903
117.867
117.852
117.872
117.883
117.832
117.832
117.816
117.801
117.745
117.745
117.699
117.648
117.658
117.663
117.638
117.638
117.643
117.648
117.638
117.643
117.648
117.648
117.653
117.653
117.643
117.653
117.658
117.653
117.648
117.663
117.663
117.663
117.730
117.745
117.796
117.806
117.801
117.832
117.842
117.857
117.872
117.847
117.862
117.852
117.837
117.832
117.796
117.765
117.755
117.776
117.760
117.735
117.704
117.765
117.832
117.872
117.934
117.964
117.959
118.015
118.077
118.082
118.087
118.117
118.077
118.087
118.097
118.128
118.153
118.148
118.179
118.194
118.209
118.219
118.245
118.250
118.224
118.168
118.153
118.133
118.138
118.148
118.158
118.173
118.163
118.163
118.179
118.235
118.306
118.372
118.429
118.449
118.490
118.536
118.561
118.633
118.689
118.735
118.781
118.837
118.821
118.847
118.862
118.872
118.862
118.857
118.878
118.878
118.903
118.929
118.893
118.862
118.888
118.964
118.985
118.985
118.964
118.964
118.995
118.964
118.985
119.010
119.041
119.056
119.082
119.102
119.143
119.153
119.153
119.163
119.194
119.214
119.224
119.260
119.306
119.332
119.362
119.383
119.418
119.449
119.474
119.495
119.520
119.526
119.551
119.577
119.617
119.622
119.673
119.765
119.816
119.816
119.827
119.908
119.964
119.985
120.051
120.066
120.087
120.128
120.199
120.214
120.230
120.204
120.235
120.281
120.301
120.281
120.327
120.347
120.362
120.362
120.388
120.398
120.454
120.510
120.571
120.643
120.684
120.694
120.714
120.735
120.755
120.745
120.745
120.724
120.750
120.776
120.811
120.837
120.862
120.842
120.847
120.821
120.806
120.811
120.862
120.872
120.847
120.811
120.801
120.811
120.816
120.827
120.867
120.883
120.883
120.893
120.934
120.954
120.964
120.918
120.964
120.985
120.995
121.015
121.061
121.071
121.082
121.087
121.107
121.051
121.051
121.041
121.061
121.082
121.092
121.097
121.107
121.107
121.107
121.107
121.138
121.168
121.204
121.133
121.112
121.087
121.046
121.020
121.015
121.005
120.995
120.964
120.969
120.959
120.954
120.985
121.031
121.087
121.112
121.117
121.122
121.143
121.143
121.168
121.173
121.189
121.184
121.173
121.240
121.245
121.214
121.219
121.230
121.230
121.214
121.209
121.214
121.224
121.260
121.270
121.296
121.296
121.245
121.240
121.230
121.235
121.189
121.204
121.199
121.209
121.184
121.189
121.250
121.255
121.260
121.316
121.357
121.423
121.474
121.546
121.633
121.653
121.658
121.679
121.714
121.735
121.755
121.770
121.806
121.842
121.816
121.842
121.852
121.867
121.888
121.913
121.949
121.964
121.985
122.036
122.061
122.071
122.097
122.148
122.168
122.189
122.204
122.260
122.270
122.291
122.311
122.367
122.393
122.429
122.444
122.515
122.531
122.556
122.571
122.617
122.638
122.648
122.668
122.694
122.684
122.673
122.663
122.684
122.673
122.673
122.663
122.663
122.668
122.658
122.643
122.643
122.638
122.633
122.617
122.658
122.648
122.653
122.658
122.643
122.633
122.617
122.597
122.597
122.597
122.587
122.566
122.551
122.536
122.531
122.526
122.505
122.480
122.485
122.469
122.459
122.454
122.439
122.429
122.413
122.398
122.372
122.362
122.352
122.347
122.281
122.281
122.270
122.255
122.219
122.209
122.184
122.153
122.107
122.087
122.082
122.066
122.015
121.995
121.990
121.980
121.929
121.903
121.903
121.888
121.857
121.786
121.770
121.755
121.719
121.704
121.673
121.638
121.536
121.515
121.495
121.474
121.454
121.439
121.367
121.367
121.352
121.311
121.265
121.209
121.122
121.061
121.041
121.026
121.015
121.020
121.010
120.995
120.964
121.005
120.974
120.959
120.949
120.964
120.959
120.969
120.974
121.010
121.005
121.000
120.990
121.005
121.000
120.995
120.974
121.000
120.995
120.980
120.959
120.964
121.010
121.000
120.974
120.980
120.974
120.990
121.000
121.066
121.041
121.046
121.036
121.026
121.005
121.036
121.005
120.995
121.005
121.031
121.056
121.107
121.148
121.138
121.133
121.122
121.102
121.082
121.056
121.051
121.031
121.031
121.010
120.990
120.964
120.939
120.908
120.888
120.852
120.827
120.796
120.776
120.765
120.730
120.699
120.679
120.658
120.622
120.582
120.566
120.556
120.541
120.505
120.490
120.474
120.459
120.449
120.434
120.413
120.408
120.398
120.388
120.372
120.367
120.352
120.342
120.332
120.311
120.296
120.276
120.260
120.209
120.163
120.112
120.051
120.010
119.969
119.944
119.903
119.832
119.760
119.689
119.648
119.622
119.582
119.541
119.495
119.464
119.408
119.352
119.306
119.219
119.179
119.128
119.061
118.990
118.944
118.903
118.847
118.776
118.714
118.679
118.628
118.546
118.490
118.423
118.367
118.296
118.240
118.173
118.112
118.036
117.969
117.918
117.862
117.791
117.730
117.663
117.617
117.551
117.510
117.474
117.439
117.408
117.383
117.337
117.276
117.230
117.209
117.189
117.179
117.122
117.071
117.026
116.990
116.954
116.913
116.893
116.883
116.857
116.852
116.837
116.821
116.801
116.796
116.776
116.750
116.735
116.709
116.673
116.643
116.633
116.622
116.602
116.597
116.587
116.597
116.597
116.592
116.587
116.592
116.582
116.571
116.561
116.566
116.561
116.551
116.531
116.526
116.515
116.510
116.505
116.510
116.495
116.495
116.500
116.500
116.505
116.505
116.505
116.515
116.515
116.510
116.505
116.505
116.510
116.510
116.490
116.495
116.495
116.485
116.474
116.485
116.485
116.485
116.485
116.474
116.485
116.490
116.490
116.485
116.495
116.469
116.459
116.429
116.413
116.378
116.352
116.321
116.311
116.265
116.260
116.250
116.235
116.204
116.184
116.168
116.153
116.122
116.107
116.092
116.077
116.036
116.020
116.005
115.990
115.954
115.944
115.918
115.903
115.867
115.867
115.857
115.837
115.801
115.770
115.765
115.745
115.735
115.719
115.714
115.704
115.694
115.684
115.673
115.663
115.653
115.648
115.633
115.617
115.582
115.587
115.566
115.546
115.520
115.520
115.490
115.485
115.474
115.495
115.439
115.403
115.362
115.337
115.281
115.270
115.265
115.250
115.204
115.153
115.112
115.112
115.092
115.061
115.036
115.015
114.974
114.939
114.923
114.923
114.898
114.847
114.796
114.791
114.781
114.765
114.719
114.709
114.694
114.638
114.602
114.571
114.546
114.520
114.495
114.464
114.444
114.423
114.408
114.413
114.388
114.367
114.347
114.332
114.306
114.311
114.291
114.270
114.245
114.250
114.255
114.265
114.286
114.311
114.296
114.276
114.301
114.306
114.311
114.291
114.270
114.209
114.219
114.230
114.260
114.245
114.276
114.286
114.291
114.235
114.255
114.286
114.291
114.265
114.260
114.291
114.301
114.286
114.316
114.306
114.301
114.291
114.291
114.281
114.286
114.286
114.296
114.286
114.286
114.291
114.296
114.332
114.342
114.372
114.393
114.413
114.429
114.454
114.485
114.480
114.490
114.495
114.510
114.526
114.556
114.490
114.520
114.556
114.541
114.510
114.582
114.597
114.602
114.602
114.648
114.653
114.658
114.653
114.709
114.719
114.730
114.730
114.786
114.791
114.806
114.811
114.821
114.837
114.862
114.888
114.908
114.872
114.903
114.918
114.944
114.949
114.974
114.985
115.000
115.020
115.031
115.046
115.051
115.066
115.026
114.959
114.974
114.995
115.005
115.041
115.071
115.112
115.133
115.143
115.255
115.286
115.311
115.408
115.510
115.546
115.551
115.577
115.607
115.633
115.653
115.648
115.638
115.653
115.658
115.684
115.730
115.755
115.765
115.786
115.816
115.867
115.852
115.883
115.918
115.959
116.020
116.056
116.102
116.133
116.138
116.168
116.209
116.250
116.235
116.265
116.306
116.337
116.332
116.418
116.526
116.551
116.510
116.566
116.566
116.577
116.566
116.520
116.480
116.439
116.413
116.398
116.357
116.342
116.357
116.403
116.434
116.459
116.485
116.515
116.566
116.643
116.684
116.740
116.765
116.791
116.811
116.862
116.898
116.923
116.929
116.995
117.026
117.046
117.071
117.128
117.148
117.163
117.168
117.224
117.255
117.270
117.281
117.347
117.357
117.378
117.388
117.423
117.449
117.413
117.393
117.418
117.393
117.383
117.362
117.357
117.398
117.439
117.464
117.480
117.495
117.536
117.546
117.520
117.485
117.454
117.429
117.408
117.352
117.306
117.240
117.250
117.255
117.194
117.179
117.168
117.117
117.077
117.051
117.061
117.056
117.020
117.015
117.005
116.990
116.939
116.918
116.934
116.923
116.893
116.913
116.929
116.929
116.898
116.878
116.872
116.883
116.821
116.878
116.913
116.964
116.959
116.974
117.015
117.077
117.097
117.128
117.179
117.214
117.235
117.270
117.311
117.321
117.337
117.388
117.408
117.439
117.490
117.566
117.658
117.679
117.699
117.776
117.801
117.811
117.867
117.862
117.898
117.893
117.913
117.964
117.990
117.985
118.000
118.066
118.102
118.122
118.148
118.189
118.194
118.199
118.219
118.270
118.316
118.347
118.372
118.444
118.474
118.500
118.520
118.587
118.633
118.633
118.638
118.684
118.719
118.735
118.760
118.770
118.740
118.709
118.689
118.735
118.750
118.786
118.811
118.857
118.862
118.867
118.878
118.888
118.852
118.867
118.898
118.929
119.000
119.015
119.066
119.087
119.107
119.107
119.158
119.189
119.204
119.224
119.235
119.260
119.281
119.296
119.327
119.352
119.378
119.337
119.352
119.367
119.388
119.357
119.383
119.408
119.418
119.383
119.413
119.439
119.388
119.372
119.393
119.408
119.459
119.490
119.556
119.643
119.663
119.648
119.673
119.689
119.704
119.704
119.730
119.750
119.765
119.827
119.837
119.852
119.867
119.883
119.908
119.923
119.949
119.969
119.995
120.010
120.026
120.036
120.036
120.051
120.056
120.082
120.117
120.148
120.179
120.214
120.301
120.332
120.367
120.398
120.474
120.505
120.536
120.582
120.663
120.709
120.735
120.842
120.913
120.929
120.959
120.995
121.066
121.102
121.143
121.189
121.255
121.281
121.327
121.362
121.413
121.418
121.449
121.490
121.541
121.587
121.582
121.612
121.658
121.684
121.714
121.750
121.786
121.827
121.847
121.893
121.944
122.000
122.031
122.061
122.087
122.102
122.122
122.138
122.153
122.148
122.168
122.173
122.148
122.163
122.189
122.143
122.128
122.158
122.173
122.194
122.214
122.230
122.250
122.270
122.281
122.291
122.281
122.291
122.301
122.311
122.281
122.291
122.306
122.327
122.327
122.342
122.352
122.362
122.327
122.388
122.413
122.398
122.367
122.383
122.378
122.393
122.367
122.403
122.413
122.413
122.408
122.418
122.434
122.393
122.352
122.316
122.296
122.260
122.281
122.291
122.311
122.362
122.372
122.367
122.429
122.469
122.469
122.485
122.495
122.474
122.485
122.500
122.500
122.505
122.515
122.551
122.561
122.556
122.571
122.628
122.638
122.638
122.638
122.689
122.704
122.719
122.724
122.765
122.765
122.699
122.679
122.684
122.633
122.607
122.556
122.526
122.495
122.474
122.429
122.429
122.403
122.383
122.418
122.449
122.480
122.495
122.449
122.429
122.398
122.332
122.316
122.301
122.296
122.291
122.276
122.255
122.240
122.214
122.219
122.189
122.163
122.158
122.143
122.117
122.092
122.066
122.041
122.005
121.980
121.878
121.852
121.821
121.786
121.765
121.730
121.709
121.704
121.673
121.719
121.740
121.740
121.750
121.765
121.786
121.781
121.745
121.740
121.699
121.622
121.551
121.485
121.408
121.352
121.296
121.265
121.306
121.296
121.265
121.301
121.296
121.281
121.204
121.168
121.158
121.133
121.087
121.077
121.061
121.051
121.020
121.000
120.980
120.929
120.878
120.862
120.811
120.740
120.684
120.750
120.740
120.699
120.679
120.638
120.582
120.536
120.495
120.444
120.388
120.337
120.306
120.255
120.173
120.102
120.087
120.102
120.092
120.112
120.138
120.199
120.245
120.255
120.235
120.214
120.173
120.168
120.158
120.153
120.133
120.112
120.071
120.107
120.102
120.077
120.077
120.092
120.071
120.061
120.041
120.046
120.031
120.015
120.036
120.051
120.046
120.071
120.122
120.143
120.102
120.036
120.005
119.949
119.903
119.888
119.837
119.760
119.760
119.750
119.760
119.770
119.735
119.765
119.791
119.821
119.811
119.786
119.796
119.801
119.786
119.750
119.770
119.791
119.801
119.806
119.801
119.791
119.796
119.770
119.760
119.770
119.770
119.735
119.694
119.684
119.668
119.612
119.556
119.536
119.531
119.469
119.449
119.439
119.434
119.367
119.352
119.337
119.332
119.306
119.352
119.383
119.418
119.429
119.459
119.495
119.556
119.536
119.546
119.536
119.510
119.566
119.571
119.571
119.556
119.531
119.505
119.495
119.469
119.444
119.454
119.439
119.423
119.403
119.393
119.378
119.352
119.332
119.327
119.296
119.245
119.204
119.224
119.240
119.199
119.168
119.209
119.230
119.219
119.184
119.209
119.199
119.189
119.173
119.194
119.189
119.163
119.133
119.143
119.128
119.117
119.102
119.112
119.092
119.087
119.071
119.087
119.071
119.066
119.066
119.051
119.031
119.020
119.005
118.995
118.954
118.918
118.898
118.893
118.878
118.816
118.821
118.832
118.765
118.689
118.607
118.551
118.485
118.469
118.474
118.485
118.408
118.367
118.372
118.372
118.342
118.327
118.306
118.301
118.296
118.270
118.245
118.230
118.219
118.168
118.163
118.163
118.158
118.102
118.097
118.092
118.077
118.026
118.015
118.000
117.990
117.939
117.918
117.913
117.903
117.862
117.852
117.842
117.832
117.821
117.816
117.806
117.781
117.689
117.719
117.709
117.699
117.745
117.801
117.857
117.898
117.944
117.918
117.913
117.878
117.893
117.903
117.811
117.750
117.668
117.653
117.638
117.628
117.602
117.602
117.597
117.577
117.571
117.592
117.582
117.561
117.541
117.577
117.551
117.490
117.474
117.515
117.500
117.480
117.464
117.505
117.510
117.495
117.495
117.510
117.485
117.459
117.444
117.413
117.372
117.306
117.316
117.388
117.378
117.362
117.357
117.367
117.342
117.306
117.296
117.286
117.306
117.291
117.276
117.296
117.296
117.378
117.423
117.505
117.505
117.515
117.515
117.526
117.531
117.474
117.459
117.449
117.434
117.413
117.408
117.398
117.378
117.383
117.429
117.423
117.423
117.398
117.393
117.403
117.408
117.367
117.372
117.362
117.327
117.296
117.311
117.321
117.372
117.383
117.459
117.464
117.469
117.444
117.449
117.449
117.444
117.429
117.454
117.418
117.388
117.367
117.388
117.413
117.418
117.398
117.383
117.321
117.255
117.184
117.179
117.138
117.128
117.122
117.168
117.184
117.138
117.153
117.179
117.199
117.224
117.214
117.224
117.219
117.214
117.194
117.235
117.240
117.230
117.224
117.250
117.255
117.240
117.286
117.316
117.286
117.240
117.194
117.235
117.179
117.128
117.092
117.097
117.087
117.051
117.056
117.102
117.128
117.173
117.224
117.255
117.214
117.179
117.173
117.204
117.230
117.306
117.321
117.357
117.352
117.403
117.423
117.444
117.459
117.469
117.536
117.531
117.541
117.531
117.520
117.556
117.571
117.587
117.587
117.617
117.617
117.638
117.648
117.663
117.628
117.571
117.582
117.592
117.617
117.653
117.663
117.730
117.745
117.801
117.872
117.929
117.980
117.985
118.041
118.046
118.051
118.020
118.031
118.041
118.031
118.046
118.097
118.107
118.117
118.087
118.046
118.112
118.168
118.143
118.107
118.077
118.071
118.036
118.046
118.061
118.031
117.990
117.995
118.005
118.015
118.000
118.020
118.051
118.026
118.041
118.056
118.082
118.087
118.133
118.204
118.230
118.250
118.270
118.296
118.316
118.321
118.286
118.250
118.189
118.122
118.117
118.128
118.082
118.041
118.005
118.056
118.036
118.005
117.980
118.010
117.980
117.949
117.908
117.898
117.893
117.898
117.908
117.969
118.026
118.061
118.082
118.143
118.122
118.066
118.092
118.148
118.128
118.061
118.031
118.046
118.041
118.056
118.102
118.107
118.128
118.117
118.097
118.082
118.097
118.112
118.102
118.056
118.000
118.036
118.010
118.056
118.128
118.179
118.265
118.296
118.327
118.372
118.444
118.500
118.510
118.546
118.597
118.602
118.587
118.617
118.684
118.745
118.801
118.852
118.872
118.903
118.923
118.903
118.929
118.939
118.949
118.959
118.990
119.036
118.990
118.985
119.102
119.153
119.189
119.184
119.204
119.219
119.245
119.235
119.270
119.316
119.378
119.378
119.403
119.444
119.510
119.587
119.628
119.668
119.699
119.714
119.750
119.755
119.770
119.806
119.847
119.867
119.842
119.852
119.883
119.888
119.964
120.036
120.082
120.092
120.087
120.107
120.133
120.143
120.143
120.163
120.214
120.230
120.245
120.265
120.321
120.388
120.393
120.464
120.551
120.546
120.556
120.566
120.612
120.628
120.648
120.663
120.704
120.709
120.719
120.724
120.760
120.755
120.760
120.781
120.806
120.786
120.791
120.827
120.862
120.883
120.929
120.969
120.980
121.005
121.026
121.077
121.122
121.153
121.194
121.230
121.255
121.276
121.321
121.393
121.434
121.454
121.495
121.531
121.566
121.592
121.628
121.663
121.689
121.730
121.750
121.811
121.847
121.888
121.903
121.944
121.959
121.980
121.990
122.010
122.046
122.056
122.051
122.087
122.128
122.153
122.128
122.087
122.046
122.015
122.005
122.015
121.954
121.929
121.883
121.852
121.811
121.791
121.745
121.730
121.714
121.658
121.607
121.571
121.541
121.520
121.490
121.444
121.388
121.357
121.342
121.291
121.219
121.179
121.122
121.077
121.046
121.020
120.969
120.944
120.913
120.867
120.832
120.832
120.801
120.791
120.770
120.755
120.730
120.694
120.679
120.694
120.668
120.638
120.612
120.653
120.694
120.724
120.730
120.760
120.776
120.806
120.806
120.842
120.847
120.852
120.862
120.893
120.893
120.898
120.913
120.939
120.949
120.949
120.944
120.959
120.964
120.980
120.959
120.980
120.995
121.010
121.026
121.046
121.020
121.020
121.026
121.036
121.036
121.031
121.056
121.051
121.046
121.031
121.020
121.010
121.015
121.005
121.000
120.995
120.985
120.944
120.944
120.934
120.929
120.913
120.918
120.929
120.934
120.913
120.903
120.903
120.898
120.878
120.878
120.842
120.821
120.781
120.776
120.781
120.760
120.694
120.679
120.668
120.648
120.617
120.602
120.607
120.582
120.556
120.577
120.556
120.561
120.577
120.577
120.566
120.561
120.541
120.531
120.500
120.459
120.444
120.444
120.423
120.418
120.403
120.393
120.362
120.347
120.347
120.378
120.337
120.327
120.327
120.332
120.311
120.306
120.286
120.296
120.286
120.224
120.214
120.214
120.199
120.219
120.214
120.240
120.240
120.230
120.235
120.286
120.286
120.281
120.286
120.270
120.265
120.270
120.270
120.270
120.260
120.250
120.235
120.245
120.204
120.184
120.173
120.173
120.163
120.163
120.179
120.168
120.158
120.153
120.143
120.092
120.082
120.082
120.077
120.051
120.031
120.026
120.015
119.985
119.954
119.939
119.903
119.842
119.811
119.791
119.816
119.791
119.781
119.765
119.735
119.714
119.689
119.684
119.684
119.679
119.643
119.633
119.622
119.622
119.653
119.648
119.643
119.577
119.577
119.556
119.551
119.556
119.561
119.561
119.571
119.571
119.566
119.546
119.546
119.551
119.531
119.464
119.469
119.469
119.510
119.495
119.505
119.459
119.464
119.439
119.459
119.454
119.449
119.439
119.388
119.378
119.413
119.388
119.383
119.367
119.362
119.342
119.327
119.321
119.316
119.306
119.276
119.240
119.199
119.189
119.163
119.138
119.092
119.056
119.031
118.995
119.026
118.995
118.964
118.929
118.867
118.806
118.781
118.730
118.679
118.638
118.617
118.587
118.551
118.536
118.566
118.515
118.464
118.418
118.398
118.352
118.362
118.327
118.306
118.245
118.184
118.153
118.122
118.133
118.117
118.097
118.092
118.061
118.041
118.020
117.995
117.969
117.944
117.908
117.888
117.847
117.811
117.801
117.786
117.786
117.786
117.781
117.781
117.770
117.755
117.755
117.755
117.776
117.781
117.796
117.806
117.816
117.827
117.821
117.837
117.847
117.832
117.832
117.832
117.827
117.821
117.832
117.842
117.847
117.837
117.821
117.811
117.816
117.811
117.827
117.832
117.847
117.821
117.832
117.821
117.832
117.832
117.857
117.857
117.847
117.837
117.842
117.857
117.857
117.878
117.898
117.898
117.908
117.898
117.883
117.872
117.867
117.857
117.862
117.847
117.837
117.821
117.816
117.791
117.791
117.781
117.770
117.781
117.735
117.684
117.648
117.638
117.628
117.577
117.571
117.582
117.592
117.592
117.612
117.633
117.643
117.658
117.694
117.709
117.699
117.719
117.770
117.786
117.811
117.821
117.852
117.837
117.842
117.872
117.898
117.908
117.918
117.934
117.949
117.954
117.969
117.980
117.990
117.995
118.020
118.041
118.066
118.082
118.102
118.117
118.133
118.138
118.184
118.184
118.204
118.214
118.230
118.281
118.327
118.378
118.393
118.413
118.474
118.495
118.490
118.490
118.500
118.495
118.485
118.500
118.495
118.505
118.485
118.510
118.505
118.500
118.464
118.469
118.474
118.474
118.444
118.464
118.464
118.459
118.434
118.444
118.444
118.444
118.423
118.434
118.434
118.434
118.429
118.418
118.413
118.403
118.383
118.383
118.393
118.388
118.378
118.367
118.372
118.321
118.337
118.337
118.342
118.362
118.378
118.388
118.347
118.327
118.327
118.327
118.332
118.321
118.347
118.367
118.372
118.388
118.378
118.408
118.413
118.413
118.418
118.444
118.429
118.418
118.418
118.469
118.459
118.454
118.474
118.510
118.510
118.526
118.536
118.582
118.587
118.602
118.622
118.658
118.679
118.679
118.684
118.694
118.699
118.699
118.719
118.755
118.699
118.709
118.765
118.765
118.724
118.724
118.719
118.684
118.684
118.724
118.760
118.750
118.714
118.694
118.694
118.679
118.673
118.653
118.628
118.628
118.628
118.597
118.577
118.571
118.571
118.556
118.551
118.500
118.485
118.459
118.454
118.444
118.403
118.362
118.342
118.255
118.168
118.117
118.097
118.066
118.051
118.000
117.990
117.985
117.995
117.944
117.934
117.913
117.888
117.893
117.883
117.867
117.832
117.837
117.837
117.827
117.852
117.821
117.827
117.806
117.821
117.847
117.852
117.867
117.847
117.842
117.852
117.862
117.872
117.867
117.898
117.929
117.878
117.893
117.918
117.903
117.944
117.959
118.020
118.056
118.087
118.148
118.214
118.255
118.367
118.464
118.515
118.551
118.582
118.612
118.633
118.653
118.679
118.699
118.765
118.786
118.821
118.862
118.934
118.974
119.010
119.071
119.133
119.158
119.199
119.235
119.296
119.311
119.362
119.403
119.459
119.505
119.536
119.592
119.622
119.663
119.709
119.745
119.786
119.821
119.821
119.903
119.929
119.939
119.990
120.020
120.046
120.026
120.046
120.051
120.056
120.056
120.020
120.000
119.985
119.974
119.969
119.980
119.974
120.015
120.026
120.026
120.031
120.031
119.990
119.954
119.949
119.954
119.903
119.893
119.883
119.837
119.806
119.801
119.791
119.770
119.724
119.694
119.694
119.622
119.556
119.551
119.536
119.536
119.480
119.469
119.393
119.362
119.306
119.321
119.321
119.321
119.327
119.321
119.321
119.327
119.342
119.311
119.306
119.306
119.311
119.342
119.367
119.383
119.408
119.423
119.423
119.429
119.444
119.454
119.469
119.464
119.485
119.551
119.587
119.587
119.602
119.653
119.673
119.694
119.740
119.776
119.776
119.781
119.801
119.867
119.893
119.898
119.969
120.036
120.046
120.066
120.082
120.138
120.148
120.224
120.240
120.296
120.311
120.327
120.342
120.367
120.372
120.393
120.398
120.337
120.367
120.378
120.383
120.393
120.413
120.423
120.439
120.449
120.454
120.464
120.480
120.490
120.495
120.500
120.520
120.520
120.526
120.531
120.551
120.505
120.515
120.536
120.546
120.571
120.582
120.602
120.617
120.622
120.633
120.643
120.653
120.658
120.668
120.670
120.667
120.663
120.683
120.679
120.669
120.686
120.795
120.806
120.819
120.806
120.820
120.837
120.821
120.842
120.853
120.867
121.058
121.045
121.000
120.964
121.000
120.917
121.000
