4794 75.09
4795 77.31
4796 75.98
4797 76.42
4798 75.98
4799 75.98
4800 75.98
4801 75.98
4802 76.42
4803 75.98
4804 75.09
4805 75.98
4806 76.87
4807 77.31
4808 76.42
4809 76.87
4810 75.98
4811 76.87
4812 75.98
4813 75.98
4814 75.98
4815 75.54
4816 76.87
4817 76.87
4818 75.98
4819 75.54
4820 75.98
4821 76.42
4822 75.98
4823 75.54
4824 76.42
4825 75.98
4826 73.76
4827 77.31
4828 76.42
4829 75.09
4830 75.54
4831 75.98
4832 76.42
4833 76.42
4834 75.54
4835 75.54
4836 75.54
4837 75.54
4838 75.09
4839 76.42
4840 75.09
4841 75.98
4842 75.54
4843 76.42
4844 76.42
4845 77.31
4846 75.09
4847 76.42
4848 75.98
4849 75.54
4850 75.09
4851 75.54
4852 75.54
4853 75.54
4854 75.98
4855 76.87
4856 75.54
4857 75.54
4858 75.09
4859 76.42
4860 75.54
4861 76.42
4862 75.09
4863 75.98
4864 75.54
4865 75.98
4866 75.54
4867 75.98
4868 75.54
4869 77.31
4870 75.54
4871 75.09
4872 74.65
4873 75.98
4874 76.42
4875 76.42
4876 76.42
4877 74.65
4878 75.09
4879 73.31
4880 74.65
4881 75.09
4882 76.42
4883 75.09
4884 75.54
4885 75.54
4886 74.65
4887 75.54
4888 75.09
4889 75.09
4890 75.54
4891 75.98
4892 75.54
4893 74.65
4894 75.54
4895 75.54
4896 75.09
4897 75.54
4898 75.09
4899 75.09
4900 75.09
4901 75.54
4902 74.65
4903 75.54
4904 75.54
4905 75.98
4906 75.09
4907 75.54
4908 75.09
4909 79.09
4910 74.20
4911 75.09
4912 75.54
4913 75.09
4914 74.65
4915 74.65
4916 75.09
4917 75.98
4918 74.65
4919 75.54
4920 74.65
4921 75.54
4922 75.54
4923 75.54
4924 75.09
4925 75.09
4926 75.98
4927 75.54
4928 75.54
4929 75.54
4930 75.09
4931 74.65
4932 74.65
4933 75.54
4934 75.09
4935 74.65
4936 75.09
4937 75.98
4938 74.65
4939 75.54
4940 75.54
4941 74.65
4942 74.20
4943 75.54
4944 75.09
4945 74.20
4946 73.76
4947 73.76
4948 75.54
4949 75.09
4950 75.54
4951 75.54
4952 72.43
4953 74.20
4954 74.20
4955 74.65
4956 73.76
4957 75.09
4958 74.65
4959 74.65
4960 75.09
4961 75.54
4962 75.54
4963 74.65
4964 73.76
4965 74.65
4966 74.65
4967 76.42
4968 75.09
4969 73.76
4970 75.54
4971 73.76
4972 74.65
4973 75.09
4974 74.65
4975 74.20
4976 74.65
4977 74.20
4978 74.20
4979 75.54
4980 75.54
4981 74.20
4982 75.09
4983 75.09
4984 74.65
4985 73.31
4986 75.09
4987 73.76
4988 75.54
4989 75.09
4990 74.65
4991 74.65
4992 74.65
4993 75.09
4994 74.20
4995 74.20
4996 74.65
4997 74.20
4998 74.20
4999 74.65
5000 74.20
5001 73.31
5002 74.65
5003 74.65
5004 74.65
5005 74.20
5006 74.65
5007 74.65
5008 74.65
5009 73.31
5010 74.20
5011 74.65
5012 74.65
5013 74.65
5014 74.65
5015 74.20
5016 74.20
5017 75.09
5018 74.65
5019 73.76
5020 75.09
5021 74.20
5022 74.20
5023 73.76
5024 73.76
5025 74.20
5026 74.65
5027 74.65
5028 74.65
5029 74.65
5030 72.43
5031 74.65
5032 75.09
5033 73.76
5034 75.09
5035 76.42
5036 75.09
5037 75.54
5038 73.76
5039 75.09
5040 74.20
5041 74.65
5042 74.20
5043 74.20
5044 74.65
5045 74.20
5046 75.09
5047 74.65
5048 75.09
5049 74.20
5050 74.65
5051 74.65
5052 73.76
5053 73.76
5054 75.98
5055 74.20
5056 73.76
5057 73.76
5058 74.20
5059 73.76
5060 72.43
5061 74.65
5062 74.65
5063 74.20
5064 74.65
5065 74.65
5066 73.31
5067 74.65
5068 74.20
5069 75.09
5070 73.76
5071 74.65
5072 72.87
5073 74.65
5074 73.76
5075 74.20
5076 73.76
5077 73.76
5078 73.31
5079 73.76
5080 74.20
5081 73.76
5082 74.20
5083 73.76
5084 73.76
5085 74.20
5086 73.31
5087 73.76
5088 73.76
5089 74.20
5090 74.20
5091 74.65
5092 74.20
5093 73.76
5094 74.20
5095 73.76
5096 72.87
5097 73.31
5098 73.76
5099 75.98
5100 74.20
5101 73.76
5102 73.76
5103 74.65
5104 74.20
5105 74.20
5106 72.87
5107 74.20
5108 73.76
5109 74.20
5110 73.31
5111 73.76
5112 73.31
5113 75.09
5114 74.20
5115 74.20
5116 73.76
5117 73.76
5118 74.20
5119 74.65
5120 74.65
5121 74.65
5122 72.43
5123 74.20
5124 74.65
5125 73.31
5126 73.31
5127 74.20
5128 74.20
5129 73.31
5130 73.76
5131 74.20
5132 73.31
5133 73.31
5134 73.31
5135 73.31
5136 73.31
5137 72.87
5138 73.76
5139 74.20
5140 74.20
5141 74.20
5142 73.76
5143 73.31
5144 73.31
5145 75.09
5146 73.31
5147 72.87
5148 74.20
5149 73.76
5150 72.87
5151 72.87
5152 73.76
5153 74.20
5154 73.31
5155 73.31
5156 73.76
5157 72.87
5158 72.43
5159 73.31
5160 73.31
5161 73.31
5162 73.76
5163 73.76
5164 73.76
5165 73.31
5166 74.20
5167 73.31
5168 74.20
5169 73.76
5170 73.76
5171 74.65
5172 73.31
5173 73.31
5174 74.65
5175 74.65
5176 74.20
5177 73.31
5178 73.76
5179 73.31
5180 73.76
5181 73.31
5182 73.31
5183 73.76
5184 72.87
5185 73.31
5186 72.43
5187 72.87
5188 72.43
5189 72.87
5190 72.87
5191 72.87
5192 73.31
5193 73.76
5194 73.76
5195 72.87
5196 72.43
5197 73.31
5198 73.31
5199 73.31
5200 73.31
5201 73.76
5202 73.76
5203 73.31
5204 72.87
5205 73.31
5206 73.31
5207 73.31
5208 73.31
5209 74.20
5210 73.31
5211 72.43
5212 72.87
5213 73.76
5214 73.31
5215 72.43
5216 73.31
5217 73.31
5218 71.98
5219 73.31
5220 73.31
5221 72.87
5222 72.87
5223 73.31
5224 72.43
5225 72.43
5226 72.87
5227 72.87
5228 73.76
5229 72.87
5230 71.98
5231 72.87
5232 73.31
5233 73.31
5234 72.43
5235 72.43
5236 72.43
5237 72.43
5238 72.87
5239 72.43
5240 73.76
5241 73.31
5242 71.98
5243 72.43
5244 72.87
5245 72.87
5246 73.31
5247 72.87
5248 73.31
5249 72.43
5250 72.43
5251 73.31
5252 69.76
5253 72.87
5254 71.54
5255 73.31
5256 72.43
5257 74.65
5258 72.43
5259 72.43
5260 72.43
5261 72.87
5262 73.31
5263 72.87
5264 72.87
5265 72.43
5266 72.87
5267 72.87
5268 72.87
5269 72.87
5270 71.98
5271 73.31
5272 72.43
5273 73.31
5274 72.87
5275 72.87
5276 72.87
5277 71.98
5278 73.31
5279 73.31
5280 72.87
5281 72.43
5282 71.98
5283 72.43
5284 72.43
5285 71.98
5286 73.31
5287 71.98
5288 74.20
5289 74.20
5290 72.87
5291 73.31
5292 72.43
5293 72.43
5294 72.87
5295 72.87
5296 75.09
5297 73.31
5298 72.87
5299 72.87
5300 73.31
5301 72.87
5302 71.98
5303 72.87
5304 71.98
5305 71.98
5306 72.87
5307 72.43
5308 71.98
5309 72.87
5310 71.54
5311 72.87
5312 72.43
5313 72.43
5314 71.98
5315 72.87
5316 71.98
5317 71.98
5318 73.31
5319 73.31
5320 71.98
5321 72.43
5322 72.43
5323 71.98
5324 72.87
5325 72.43
5326 72.43
5327 72.43
5328 71.98
5329 71.98
5330 72.87
5331 72.43
5332 72.43
5333 70.20
5334 71.98
5335 71.98
5336 72.43
5337 72.43
5338 73.76
5339 71.98
5340 71.98
5341 71.54
5342 72.87
5343 73.31
5344 71.54
5345 72.43
5346 72.43
5347 72.87
5348 75.09
5349 72.43
5350 72.43
5351 71.98
5352 71.98
5353 69.76
5354 71.98
5355 71.98
5356 71.98
5357 71.98
5358 71.98
5359 72.43
5360 72.43
5361 71.09
5362 70.65
5363 71.98
5364 71.09
5365 71.98
5366 71.98
5367 72.43
5368 71.54
5369 71.98
5370 71.98
5371 71.98
5372 72.43
5373 71.54
5374 72.87
5375 72.87
5376 71.54
5377 71.98
5378 71.98
5379 70.65
5380 71.09
5381 71.54
5382 72.87
5383 71.54
5384 71.54
5385 72.87
5386 71.98
5387 72.43
5388 71.09
5389 73.31
5390 71.98
5391 71.09
5392 71.98
5393 71.98
5394 72.87
5395 71.98
5396 71.98
5397 71.09
5398 72.43
5399 71.98
5400 72.43
5401 72.43
5402 71.98
5403 71.54
5404 71.09
5405 70.20
5406 72.87
5407 71.98
5408 71.54
5409 71.09
5410 71.54
5411 71.98
5412 71.98
5413 71.98
5414 71.98
5415 71.54
5416 71.98
5417 72.43
5418 71.98
5419 71.54
5420 70.65
5421 71.54
5422 71.98
5423 71.54
5424 69.31
5425 67.54
5426 71.54
5427 71.09
5428 71.54
5429 72.43
5430 72.43
5431 71.98
5432 71.54
5433 72.43
5434 70.20
5435 71.09
5436 71.09
5437 71.54
5438 71.09
5439 71.54
5440 71.98
5441 71.98
5442 71.98
5443 71.98
5444 71.54
5445 70.65
5446 71.54
5447 71.09
5448 71.98
5449 71.98
5450 71.54
5451 71.98
5452 71.54
5453 72.87
5454 71.09
5455 71.09
5456 71.54
5457 71.54
5458 71.54
5459 71.54
5460 71.98
5461 71.09
5462 71.54
5463 71.98
5464 71.09
5465 71.09
5466 71.09
5467 71.54
5468 71.98
5469 71.54
5470 71.98
5471 72.43
5472 71.09
5473 70.65
5474 71.98
5475 71.54
5476 71.09
5477 70.65
5478 71.54
5479 71.09
5480 71.09
5481 71.54
5482 71.09
5483 70.65
5484 70.20
5485 71.09
5486 71.09
5487 71.09
5488 71.98
5489 70.20
5490 71.54
5491 72.43
5492 70.65
5493 71.09
5494 71.54
5495 71.09
5496 71.54
5497 71.98
5498 71.09
5499 71.54
5500 70.65
5501 70.65
5502 70.20
5503 72.43
5504 70.20
5505 70.65
5506 71.09
5507 71.09
5508 71.09
5509 70.65
5510 71.09
5511 71.09
5512 71.09
5513 71.09
5514 70.65
5515 71.54
5516 71.09
5517 70.65
5518 70.20
5519 71.09
5520 71.98
5521 71.54
5522 72.43
5523 71.54
5524 71.54
5525 70.65
5526 72.43
5527 70.65
5528 71.54
5529 70.20
5530 70.20
5531 70.65
5532 71.54
5533 71.54
5534 70.65
5535 70.65
5536 70.65
5537 70.65
5538 71.09
5539 70.65
5540 71.09
5541 71.09
5542 70.20
5543 71.09
5544 71.54
5545 71.09
5546 70.65
5547 70.20
5548 70.65
5549 71.54
5550 71.54
5551 69.76
5552 71.54
5553 71.54
5554 70.65
5555 71.54
5556 70.65
5557 71.09
5558 71.09
5559 71.09
5560 70.20
5561 71.09
5562 70.65
5563 71.09
5564 71.09
5565 71.09
5566 71.09
5567 70.65
5568 71.09
5569 70.65
5570 71.09
5571 71.09
5572 70.65
5573 71.09
5574 71.09
5575 70.20
5576 71.09
5577 71.09
5578 70.65
5579 69.31
5580 71.54
5581 71.98
5582 69.76
5583 71.09
5584 71.54
5585 70.65
5586 71.54
5587 71.09
5588 69.76
5589 70.65
5590 71.54
5591 71.54
5592 71.09
5593 70.65
5594 70.65
5595 70.65
5596 70.20
5597 70.20
5598 70.20
5599 69.76
5600 70.20
5601 70.65
5602 69.76
5603 70.65
5604 70.65
5605 70.65
5606 70.20
5607 69.31
5608 70.20
5609 70.20
5610 70.65
5611 70.65
5612 71.09
5613 70.20
5614 71.09
5615 70.20
5616 70.20
5617 70.20
5618 70.65
5619 69.76
5620 70.65
5621 70.20
5622 70.65
5623 70.65
5624 69.31
5625 71.09
5626 70.20
5627 70.65
5628 70.20
5629 70.20
5630 70.20
5631 70.20
5632 70.20
5633 70.20
5634 70.20
5635 69.76
5636 70.20
5637 69.31
5638 70.20
5639 71.09
5640 69.76
5641 69.76
5642 70.20
5643 70.20
5644 70.20
5645 70.65
5646 69.31
5647 70.65
5648 69.76
5649 69.76
5650 71.54
5651 70.65
5652 70.20
5653 69.31
5654 70.20
5655 70.65
5656 71.54
5657 70.20
5658 70.20
5659 70.20
5660 70.20
5661 69.76
5662 70.65
5663 70.65
5664 69.31
5665 70.65
5666 70.20
5667 69.76
5668 69.31
5669 69.76
5670 70.65
5671 70.20
5672 70.20
5673 69.76
5674 70.20
5675 70.65
5676 69.31
5677 68.87
5678 69.76
5679 70.20
5680 70.20
5681 70.20
5682 73.76
5683 68.87
5684 70.65
5685 69.76
5686 70.65
5687 70.20
5688 69.76
5689 70.65
5690 69.76
5691 69.76
5692 69.31
5693 69.76
5694 71.09
5695 69.76
5696 70.20
5697 70.20
5698 70.20
5699 70.20
5700 69.76
5701 69.31
5702 69.31
5703 69.31
5704 70.65
5705 69.31
5706 70.20
5707 70.20
5708 71.09
5709 70.65
5710 70.20
5711 70.65
5712 69.31
5713 69.31
5714 68.87
5715 69.31
5716 70.20
5717 67.98
5718 71.54
5719 70.20
5720 68.43
5721 69.31
5722 70.20
5723 70.20
5724 70.20
5725 70.20
5726 69.31
5727 68.87
5728 69.76
5729 69.31
5730 69.31
5731 67.54
5732 69.31
5733 69.76
5734 69.76
5735 69.76
5736 69.76
5737 68.87
5738 70.65
5739 70.20
5740 69.76
5741 68.87
5742 69.31
5743 69.76
5744 69.31
5745 69.31
5746 69.31
5747 69.76
5748 69.31
5749 69.31
5750 69.76
5751 68.87
5752 69.76
5753 68.87
5754 69.76
5755 69.31
5756 69.31
5757 70.20
5758 70.20
5759 69.76
5760 69.31
5761 69.31
5762 70.65
5763 69.76
5764 69.31
5765 69.31
5766 70.20
5767 70.65
5768 69.31
5769 68.87
5770 68.87
5771 68.43
5772 69.31
5773 69.76
5774 69.76
5775 69.76
5776 68.87
5777 70.65
5778 69.31
5779 69.31
5780 67.98
5781 69.76
5782 69.76
5783 69.31
5784 67.09
5785 68.87
5786 69.31
5787 69.76
5788 69.31
5789 70.20
5790 67.98
5791 70.20
5792 70.20
5793 68.43
5794 69.31
5795 69.76
5796 69.76
5797 69.76
5798 69.76
5799 69.31
5800 69.76
5801 69.31
5802 68.87
5803 69.31
5804 68.87
5805 68.43
5806 69.76
5807 69.31
5808 67.09
5809 69.76
5810 69.31
5811 69.31
5812 68.43
5813 69.31
5814 68.43
5815 69.31
5816 69.31
5817 68.43
5818 68.87
5819 68.87
5820 67.98
5821 69.76
5822 69.31
5823 70.20
5824 69.31
5825 70.20
5826 68.87
5827 69.31
5828 69.76
5829 68.87
5830 69.76
5831 69.76
5832 65.76
5833 69.31
5834 68.87
5835 68.87
5836 69.31
5837 69.31
5838 68.87
5839 68.43
5840 68.43
5841 68.87
5842 70.20
5843 69.31
5844 68.43
5845 68.87
5846 68.87
5847 69.76
5848 69.31
5849 68.43
5850 69.31
5851 69.31
5852 69.31
5853 69.76
5854 68.87
5855 68.87
5856 68.87
5857 68.87
5858 68.87
5859 67.98
5860 69.31
5861 69.31
5862 67.98
5863 69.31
5864 69.76
5865 68.87
5866 68.43
5867 67.98
5868 68.87
5869 68.87
5870 69.76
5871 68.43
5872 68.87
5873 67.98
5874 69.31
5875 68.87
5876 68.43
5877 68.43
5878 68.87
5879 68.43
5880 69.31
5881 69.31
5882 68.87
5883 68.87
5884 69.31
5885 69.76
5886 69.31
5887 68.87
5888 69.76
5889 68.87
5890 69.31
5891 68.87
5892 69.31
5893 69.31
5894 68.87
5895 67.98
5896 67.98
5897 69.31
5898 67.98
5899 69.31
5900 69.31
5901 68.87
5902 70.65
5903 69.31
5904 67.54
5905 69.76
5906 68.87
5907 69.31
5908 69.31
5909 68.43
5910 68.87
5911 67.98
5912 67.98
5913 68.87
5914 67.98
5915 67.54
5916 67.54
5917 69.31
5918 68.87
5919 68.43
5920 68.43
5921 67.54
5922 68.43
5923 68.43
5924 67.54
5925 67.98
5926 69.31
5927 69.31
5928 68.43
5929 67.98
5930 68.43
5931 67.54
5932 67.54
5933 68.43
5934 68.43
5935 67.98
5936 68.87
5937 67.98
5938 67.54
5939 68.43
5940 68.87
5941 68.43
5942 69.31
5943 67.98
5944 68.43
5945 67.54
5946 67.98
5947 67.54
5948 68.87
5949 69.31
5950 68.43
5951 68.43
5952 68.43
5953 67.54
5954 68.43
5955 67.98
5956 67.98
5957 68.43
5958 67.09
5959 67.54
5960 67.54
5961 69.76
5962 68.43
5963 68.87
5964 68.43
5965 68.43
5966 69.31
5967 68.87
5968 68.43
5969 68.87
5970 68.43
5971 68.43
5972 67.98
5973 68.87
5974 68.43
5975 68.87
5976 68.87
5977 68.87
5978 69.76
5979 68.43
5980 67.98
5981 68.43
5982 69.31
5983 69.76
5984 66.65
5985 68.43
5986 68.87
5987 67.54
5988 67.98
5989 68.87
5990 68.43
5991 67.98
5992 68.87
5993 68.43
5994 67.98
5995 67.09
5996 68.43
5997 67.98
5998 67.98
5999 70.20
6000 67.54
6001 67.98
6002 68.43
6003 67.09
6004 67.09
6005 68.43
6006 67.98
6007 67.98
6008 67.09
6009 67.98
6010 68.43
6011 67.98
6012 67.98
6013 67.98
6014 68.43
6015 67.54
6016 68.43
6017 68.43
6018 68.43
6019 67.98
6020 67.98
6021 67.98
6022 67.54
6023 67.09
6024 67.98
6025 64.43
6026 67.54
6027 67.98
6028 68.43
6029 67.98
6030 67.54
6031 69.31
6032 67.54
6033 67.98
6034 67.54
6035 68.43
6036 67.98
6037 67.98
6038 67.98
6039 68.43
6040 67.54
6041 67.09
6042 67.54
6043 67.98
6044 66.65
6045 67.54
6046 68.43
6047 67.98
6048 67.54
6049 67.09
6050 68.87
6051 67.09
6052 67.54
6053 67.98
6054 68.43
6055 65.32
6056 67.98
6057 67.98
6058 67.09
6059 68.43
6060 67.54
6061 67.98
6062 67.54
6063 68.43
6064 67.54
6065 67.98
6066 68.43
6067 67.98
6068 67.54
6069 66.65
6070 67.98
6071 67.54
6072 67.54
6073 68.43
6074 67.98
6075 68.43
6076 67.09
6077 67.54
6078 67.09
6079 70.65
6080 68.43
6081 67.98
6082 67.98
6083 67.98
6084 67.98
6085 67.09
6086 67.54
6087 67.98
6088 67.54
6089 67.98
6090 67.98
6091 66.65
6092 67.98
6093 67.09
6094 67.54
6095 67.09
6096 66.65
6097 68.43
6098 67.09
6099 67.54
6100 67.09
6101 67.09
6102 67.98
6103 67.54
6104 67.98
6105 67.09
6106 67.54
6107 66.65
6108 67.54
6109 66.20
6110 67.54
6111 67.09
6112 67.54
6113 67.98
6114 68.43
6115 67.98
6116 66.65
6117 66.65
6118 67.98
6119 66.65
6120 67.54
6121 67.54
6122 67.54
6123 67.54
6124 67.54
6125 66.20
6126 66.65
6127 66.65
6128 67.09
6129 67.98
6130 66.65
6131 67.54
6132 66.65
6133 67.54
6134 67.54
6135 66.65
6136 67.54
6137 67.54
6138 66.65
6139 67.54
6140 67.98
6141 66.20
6142 67.54
6143 67.09
6144 67.09
6145 67.54
6146 68.87
6147 67.54
6148 66.65
6149 67.54
6150 67.54
6151 67.54
6152 67.54
6153 66.20
6154 65.32
6155 67.54
6156 66.65
6157 67.09
6158 66.65
6159 67.98
6160 66.65
6161 66.65
6162 66.65
6163 67.09
6164 66.65
6165 67.54
6166 67.09
6167 66.65
6168 67.09
6169 68.87
6170 68.43
6171 62.21
6172 66.65
6173 67.54
6174 67.54
6175 67.54
6176 66.20
6177 67.54
6178 67.54
6179 66.65
6180 67.09
6181 67.09
6182 67.98
6183 67.09
6184 66.20
6185 67.09
6186 67.09
6187 67.09
6188 67.09
6189 66.65
6190 67.54
6191 67.09
6192 66.65
6193 67.09
6194 67.09
6195 67.54
6196 67.98
6197 66.20
6198 67.54
6199 66.65
6200 66.65
6201 67.54
6202 67.09
6203 66.20
6204 66.65
6205 67.09
6206 67.54
6207 67.54
6208 66.20
6209 66.65
6210 67.09
6211 67.54
6212 67.09
6213 66.65
6214 67.09
6215 67.09
6216 67.54
6217 67.09
6218 67.54
6219 66.65
6220 67.98
6221 67.54
6222 66.20
6223 67.54
6224 64.87
6225 67.09
6226 66.20
6227 67.09
6228 67.09
6229 66.65
6230 67.09
6231 67.09
6232 67.54
6233 66.65
6234 66.20
6235 67.54
6236 67.54
6237 66.20
6238 67.54
6239 66.20
6240 66.65
6241 66.20
6242 66.65
6243 67.09
6244 67.98
6245 66.20
6246 69.31
6247 66.65
6248 66.65
6249 66.65
6250 66.20
6251 66.65
6252 66.20
6253 67.09
6254 66.65
6255 66.20
6256 66.65
6257 66.65
6258 66.65
6259 66.20
6260 65.32
6261 66.20
6262 69.76
6263 68.43
6264 67.54
6265 65.76
6266 66.65
6267 66.20
6268 67.09
6269 64.87
6270 67.09
6271 66.20
6272 66.65
6273 66.65
6274 67.09
6275 66.65
6276 67.54
6277 66.20
6278 67.09
6279 66.65
6280 66.20
6281 67.09
6282 67.54
6283 66.20
6284 66.65
6285 66.20
6286 66.20
6287 66.65
6288 65.32
6289 66.20
6290 67.09
6291 70.65
6292 67.98
6293 67.09
6294 65.76
6295 66.65
6296 66.20
6297 66.20
6298 66.20
6299 66.65
6300 66.65
6301 67.09
6302 65.76
6303 65.32
6304 66.65
6305 66.65
6306 67.54
6307 66.65
6308 66.20
6309 66.65
6310 66.20
6311 65.32
6312 66.65
6313 66.20
6314 67.98
6315 66.65
6316 66.20
6317 65.76
6318 66.65
6319 66.65
6320 66.20
6321 66.65
6322 66.65
6323 66.20
6324 66.65
6325 66.20
6326 66.20
6327 66.65
6328 66.20
6329 66.20
6330 67.54
6331 66.65
6332 66.65
6333 66.20
6334 65.32
6335 66.20
6336 66.65
6337 67.09
6338 66.20
6339 63.98
6340 64.87
6341 64.87
6342 65.76
6343 66.20
6344 66.20
6345 65.76
6346 66.65
6347 66.20
6348 65.76
6349 67.09
6350 66.65
6351 65.76
6352 66.65
6353 65.76
6354 66.20
6355 65.76
6356 65.76
6357 66.20
6358 65.32
6359 64.87
6360 65.76
6361 66.20
6362 65.32
6363 65.32
6364 66.20
6365 67.09
6366 66.20
6367 66.20
6368 65.32
6369 66.20
6370 65.32
6371 65.76
6372 64.87
6373 67.09
6374 66.20
6375 65.76
6376 66.20
6377 65.32
6378 65.32
6379 66.20
6380 66.20
6381 65.32
6382 66.65
6383 65.32
6384 66.20
6385 66.20
6386 65.32
6387 65.76
6388 67.09
6389 66.20
6390 65.76
6391 66.20
6392 66.20
6393 65.32
6394 66.20
6395 66.20
6396 66.65
6397 66.20
6398 65.76
6399 65.76
6400 65.32
6401 66.65
6402 65.76
6403 66.65
6404 65.32
6405 67.09
6406 66.20
6407 64.87
6408 66.20
6409 67.98
6410 64.87
6411 66.20
6412 65.76
6413 63.98
6414 65.76
6415 65.32
6416 65.32
6417 66.65
6418 65.76
6419 66.20
6420 65.76
6421 65.76
6422 66.20
6423 64.87
6424 64.87
6425 65.76
6426 64.87
6427 66.20
6428 66.20
6429 66.65
6430 65.76
6431 71.09
6432 65.76
6433 63.54
6434 63.98
6435 66.20
6436 63.54
6437 66.20
6438 66.20
6439 65.32
6440 65.76
6441 65.76
6442 66.20
6443 65.76
6444 66.65
6445 64.43
6446 65.76
6447 66.20
6448 65.76
6449 65.76
6450 66.65
6451 64.87
6452 65.32
6453 65.32
6454 64.87
6455 63.09
6456 66.20
6457 65.76
6458 65.76
6459 65.76
6460 65.32
6461 66.20
6462 64.87
6463 65.76
6464 65.32
6465 65.76
6466 65.32
6467 65.32
6468 64.87
6469 65.32
6470 64.87
6471 65.32
6472 63.98
6473 67.09
6474 66.20
6475 66.20
6476 65.76
6477 66.65
6478 66.65
6479 65.32
6480 65.76
6481 64.87
6482 65.32
6483 65.76
6484 65.76
6485 65.76
6486 64.43
6487 65.76
6488 64.87
6489 65.76
6490 65.32
6491 63.98
6492 65.76
6493 65.32
6494 65.32
6495 64.87
6496 66.20
6497 65.32
6498 66.65
6499 66.65
6500 65.32
6501 64.87
6502 64.87
6503 65.76
6504 65.32
6505 64.87
6506 64.87
6507 66.20
6508 64.87
6509 65.32
6510 66.20
6511 66.20
6512 65.32
6513 65.32
6514 64.87
6515 66.20
6516 64.87
6517 65.32
6518 65.76
6519 64.87
6520 66.65
6521 65.76
6522 64.87
6523 64.87
6524 65.76
6525 65.76
6526 65.32
6527 64.87
6528 64.87
6529 64.87
6530 65.76
6531 65.32
6532 64.87
6533 64.43
6534 65.32
6535 64.43
6536 65.32
6537 65.32
6538 64.87
6539 64.87
6540 65.32
6541 64.43
6542 64.87
6543 64.87
6544 64.87
6545 64.87
6546 65.32
6547 66.20
6548 64.87
6549 64.87
6550 64.43
6551 64.87
6552 65.32
6553 63.98
6554 64.87
6555 63.98
6556 63.54
6557 64.87
6558 64.43
6559 64.87
6560 64.87
6561 64.87
6562 64.87
6563 64.43
6564 65.32
6565 65.32
6566 65.32
6567 64.87
6568 66.20
6569 64.43
6570 64.87
6571 64.87
6572 64.87
6573 65.76
6574 64.43
6575 63.54
6576 66.20
6577 64.43
6578 64.43
6579 64.43
6580 65.32
6581 63.98
6582 64.87
6583 64.43
6584 64.43
6585 64.87
6586 65.32
6587 64.43
6588 64.87
6589 65.32
6590 64.43
6591 65.76
6592 64.43
6593 65.32
6594 65.76
6595 64.87
6596 66.20
6597 65.76
6598 65.32
6599 65.76
6600 64.87
6601 64.43
6602 64.87
6603 64.43
6604 64.43
6605 69.31
6606 63.54
6607 65.32
6608 64.43
6609 64.43
6610 64.87
6611 64.87
6612 64.87
6613 64.43
6614 64.87
6615 65.32
6616 64.43
6617 64.87
6618 64.43
6619 65.32
6620 64.43
6621 64.87
6622 64.87
6623 64.87
6624 64.43
6625 65.32
6626 65.32
6627 64.87
6628 64.87
6629 64.87
6630 63.98
6631 65.76
6632 66.20
6633 64.43
6634 65.32
6635 65.32
6636 64.43
6637 65.32
6638 66.20
6639 63.98
6640 64.43
6641 66.20
6642 63.98
6643 63.54
6644 63.98
6645 65.76
6646 65.32
6647 65.32
6648 64.43
6649 64.87
6650 65.32
6651 64.87
6652 64.87
6653 63.54
6654 64.87
6655 64.87
6656 64.87
6657 65.32
6658 64.87
6659 63.98
6660 65.32
6661 63.98
6662 64.87
6663 64.43
6664 63.98
6665 64.87
6666 63.54
6667 64.87
6668 63.98
6669 64.87
6670 64.87
6671 65.32
6672 65.76
6673 64.87
6674 64.87
6675 64.87
6676 64.43
6677 65.32
6678 65.76
6679 65.32
6680 65.32
6681 64.43
6682 63.98
6683 65.32
6684 63.98
6685 64.87
6686 63.09
6687 64.43
6688 63.54
6689 64.43
6690 64.87
6691 64.43
6692 64.43
6693 64.87
6694 64.43
6695 63.09
6696 63.98
6697 63.54
6698 65.32
6699 64.87
6700 63.98
6701 65.32
6702 67.54
6703 63.54
6704 66.20
6705 68.43
6706 64.87
6707 64.87
6708 63.98
6709 63.54
6710 63.54
6711 63.98
6712 64.43
6713 63.98
6714 64.43
6715 64.43
6716 64.43
6717 64.43
6718 63.54
6719 63.98
6720 64.43
6721 64.43
6722 63.98
6723 61.76
6724 64.87
6725 64.43
6726 63.98
6727 62.65
6728 64.87
6729 63.98
6730 63.98
6731 64.43
6732 64.43
6733 64.43
6734 64.43
6735 65.32
6736 63.54
6737 63.98
6738 63.98
6739 64.43
6740 63.54
6741 63.98
6742 64.43
6743 64.43
6744 63.54
6745 63.98
6746 63.54
6747 63.98
6748 64.43
6749 63.98
6750 64.87
6751 63.98
6752 64.43
6753 64.87
6754 63.54
6755 64.87
6756 64.43
6757 63.54
6758 63.54
6759 63.98
6760 62.65
6761 63.98
6762 63.98
6763 64.43
6764 63.09
6765 63.98
6766 63.98
6767 63.09
6768 64.87
6769 65.32
6770 64.43
6771 63.98
6772 63.54
6773 63.98
6774 63.98
6775 63.09
6776 64.87
6777 63.54
6778 64.43
6779 63.09
6780 64.43
6781 63.54
6782 63.98
6783 63.54
6784 63.98
6785 63.54
6786 63.98
6787 63.09
6788 64.43
6789 64.43
6790 63.54
6791 63.98
6792 63.98
6793 63.98
6794 63.54
6795 64.43
6796 63.98
6797 63.54
6798 63.09
6799 64.43
6800 63.98
6801 63.98
6802 63.98
6803 63.54
6804 63.09
6805 64.43
6806 63.98
6807 63.09
6808 64.43
6809 64.43
6810 63.54
6811 63.54
6812 63.54
6813 63.98
6814 63.54
6815 63.98
6816 63.09

