---BEGIN---
TIME	INPUT	OUTPUT1	OUTPUT2	TS	GRADIENT
147	0	23.25	0.00	147	0.00000
179	0	23.25	0.00	32	0.00000
211	0	23.25	0.00	32	0.00000
243	0	23.25	0.00	32	0.00000
275	0	23.25	0.00	32	0.00000
307	0	23.25	0.00	32	0.00000
338	0	23.25	0.00	31	0.00000
370	0	23.25	0.00	32	0.00000
403	0	23.25	0.00	33	0.00000
435	0	23.25	0.00	32	0.00000
466	0	23.25	0.00	31	0.00000
498	0	23.25	0.00	32	0.00000
530	0	23.25	0.00	32	0.00000
563	0	23.25	0.00	33	0.00000
594	0	23.25	0.00	31	0.00000
626	0	23.25	0.00	32	0.00000
658	0	23.25	22.12	32	0.00000
690	0	23.25	22.12	32	0.00000
722	0	23.25	22.12	32	0.00000
754	0	23.25	22.12	32	0.00000
1193	0	23.00	22.12	439	-0.00057
1728	0	22.75	22.12	535	-0.00047
2264	0	23.25	22.12	536	0.00093
2798	1	23.25	22.12	534	0.00000
3334	1	23.25	22.12	536	0.00000
3868	1	23.25	22.06	534	0.00000
4404	1	23.00	22.06	536	-0.00047
4938	1	23.25	22.12	534	0.00047
5474	1	22.75	22.06	536	-0.00093
6009	1	23.00	22.06	535	0.00047
6544	1	22.75	22.06	535	-0.00047
7079	1	23.25	22.06	535	0.00093
7614	1	23.25	22.06	535	0.00000
8150	1	23.25	22.06	536	0.00000
8685	1	23.00	22.06	535	-0.00047
9220	1	23.25	22.06	535	0.00047
9755	1	23.50	22.12	535	0.00047
10290	1	23.50	22.12	535	0.00000
10825	1	23.50	22.12	535	0.00000
11361	1	23.25	22.06	536	-0.00047
11895	1	23.25	22.12	534	0.00000
12431	1	23.25	22.12	536	0.00000
12966	1	23.50	22.12	535	0.00047
13501	1	23.50	22.06	535	0.00000
14036	1	23.75	22.12	535	0.00047
14571	1	23.50	22.06	535	-0.00047
15107	1	23.00	22.12	536	-0.00093
15642	1	23.50	22.12	535	0.00093
16177	1	23.00	22.12	535	-0.00093
16712	1	23.25	22.12	535	0.00047
17248	1	23.25	22.12	536	0.00000
17782	1	23.50	22.12	534	0.00047
18318	1	23.50	22.12	536	0.00000
18853	1	23.00	22.06	535	-0.00093
19388	1	23.25	22.12	535	0.00047
19923	1	23.50	22.12	535	0.00047
20459	1	23.25	22.06	536	-0.00047
20994	1	23.50	22.12	535	0.00047
21529	1	23.50	22.12	535	0.00000
22065	1	23.50	22.12	536	0.00000
22599	1	23.50	22.12	534	0.00000
23135	1	23.50	22.12	536	0.00000
23670	1	23.50	22.12	535	0.00000
24205	1	23.50	22.12	535	0.00000
24740	1	23.75	22.12	535	0.00047
25276	1	23.75	22.19	536	0.00000
25810	1	23.25	22.12	534	-0.00094
26346	1	23.75	22.12	536	0.00093
26882	1	23.75	22.12	536	0.00000
27416	1	23.75	22.19	534	0.00000
27952	1	23.50	22.19	536	-0.00047
28487	1	23.00	22.19	535	-0.00093
29022	1	24.00	22.19	535	0.00187
29557	1	24.00	22.19	535	0.00000
30093	1	23.75	22.25	536	-0.00047
30627	1	24.00	22.19	534	0.00047
31163	1	24.25	22.25	536	0.00047
31698	1	24.00	22.25	535	-0.00047
32233	1	24.50	22.25	535	0.00093
32769	1	24.50	22.25	536	0.00000
33303	1	24.50	22.25	534	0.00000
33839	1	24.75	22.25	536	0.00047
34374	1	24.75	22.25	535	0.00000
34910	1	24.50	22.25	536	-0.00047
35444	1	25.00	22.31	534	0.00094
35980	1	24.25	22.31	536	-0.00140
36515	1	24.25	22.37	535	0.00000
37050	1	24.75	22.37	535	0.00093
37585	1	25.25	22.37	535	0.00093
38121	1	25.25	22.37	536	0.00000
38656	1	25.75	22.44	535	0.00093
39191	1	25.75	22.44	535	0.00000
39727	1	26.00	22.44	536	0.00047
40261	1	26.25	22.50	534	0.00047
40797	1	26.25	22.50	536	0.00000
41332	1	26.50	22.50	535	0.00047
41867	1	26.50	22.50	535	0.00000
42402	1	26.75	22.50	535	0.00047
42938	1	27.00	22.56	536	0.00047
43472	1	27.00	22.56	534	0.00000
44008	1	27.50	22.62	536	0.00093
44544	1	27.50	22.62	536	0.00000
45078	1	27.75	22.62	534	0.00047
45614	1	27.75	22.69	536	0.00000
46149	1	28.00	22.69	535	0.00047
46685	1	28.25	22.75	536	0.00047
47219	1	28.75	22.75	534	0.00094
47755	1	29.00	22.81	536	0.00047
48290	1	28.75	22.87	535	-0.00047
48825	1	29.50	22.87	535	0.00140
49360	1	29.75	22.87	535	0.00047
49896	1	29.75	22.94	536	0.00000
50432	1	30.25	22.94	536	0.00093
50966	1	30.50	23.00	534	0.00047
51502	1	30.75	23.00	536	0.00047
52037	1	31.25	23.06	535	0.00093
52572	1	31.50	23.12	535	0.00047
53107	1	31.50	23.06	535	0.00000
53643	1	32.00	23.12	536	0.00093
54177	1	32.25	23.12	534	0.00047
54713	1	32.25	23.19	536	0.00000
55248	1	32.75	23.19	535	0.00093
55784	1	33.25	23.19	536	0.00093
56318	1	33.75	23.19	534	0.00094
56854	1	34.25	23.25	536	0.00093
57390	1	34.25	23.25	536	0.00000
57924	1	34.75	23.25	534	0.00094
58460	1	34.75	23.25	536	0.00000
58995	1	35.00	23.31	535	0.00047
59530	1	35.25	23.25	535	0.00047
60065	1	36.25	23.25	535	0.00187
60601	1	37.00	23.25	536	0.00140
61136	1	37.00	23.31	535	0.00000
61671	1	37.50	23.31	535	0.00093
62206	1	38.00	23.31	535	0.00093
62742	1	37.75	23.31	536	-0.00047
63277	1	38.50	23.31	535	0.00140
63812	1	39.00	23.37	535	0.00093
64348	1	39.50	23.37	536	0.00093
64883	1	39.75	23.37	535	0.00047
65418	1	40.25	23.37	535	0.00093
65953	1	40.75	23.37	535	0.00093
66489	1	40.75	23.44	536	0.00000
67023	1	41.75	23.44	534	0.00187
67559	1	42.00	23.44	536	0.00047
68094	1	42.50	23.44	535	0.00093
68630	1	43.00	23.44	536	0.00093
69165	1	43.75	23.44	535	0.00140
69700	1	43.75	23.50	535	0.00000
70236	1	44.25	23.44	536	0.00093
70770	1	44.50	23.50	534	0.00047
71306	1	45.00	23.50	536	0.00093
71841	1	46.00	23.50	535	0.00187
72377	1	46.00	23.56	536	0.00000
72911	1	46.75	23.56	534	0.00140
73447	1	47.00	23.56	536	0.00047
73982	1	47.75	23.56	535	0.00140
74517	1	48.50	23.62	535	0.00140
75053	1	49.00	23.62	536	0.00093
75588	1	49.50	23.62	535	0.00093
76124	1	49.75	23.62	536	0.00047
76658	1	50.50	23.69	534	0.00140
77194	1	51.25	23.69	536	0.00140
77729	1	51.50	23.69	535	0.00047
78265	1	52.00	23.75	536	0.00093
78799	1	53.00	23.81	534	0.00187
79335	1	52.50	23.81	536	-0.00093
79870	1	54.00	23.87	535	0.00280
80406	1	54.75	23.87	536	0.00140
80941	1	55.00	23.87	535	0.00047
81476	1	55.75	23.94	535	0.00140
82012	1	56.50	23.94	536	0.00140
82547	1	57.00	24.00	535	0.00093
83082	1	57.25	24.00	535	0.00047
83617	1	58.25	24.06	535	0.00187
84153	1	58.75	24.12	536	0.00093
84688	1	59.00	24.12	535	0.00047
85223	1	60.00	24.12	535	0.00187
85758	1	60.50	24.19	535	0.00093
86294	1	61.25	24.25	536	0.00140
86830	1	61.75	24.19	536	0.00093
87364	1	62.75	24.19	534	0.00187
87900	1	63.25	24.19	536	0.00093
88435	1	64.00	24.19	535	0.00140
88971	1	64.25	24.19	536	0.00047
89505	1	65.00	24.19	534	0.00140
90041	1	65.75	24.19	536	0.00140
90576	1	66.00	24.12	535	0.00047
91112	1	66.75	24.19	536	0.00140
91646	1	67.50	24.19	534	0.00140
92182	1	68.50	24.19	536	0.00187
92718	1	69.00	24.19	536	0.00093
93252	1	69.50	24.19	534	0.00094
93788	1	70.00	24.25	536	0.00093
94323	1	71.25	24.25	535	0.00234
94859	1	71.25	24.25	536	0.00000
95393	1	72.50	24.31	534	0.00234
95929	1	73.00	24.31	536	0.00093
96464	1	73.25	24.31	535	0.00047
97000	1	74.75	24.31	536	0.00280
97534	1	75.00	24.31	534	0.00047
98070	1	76.00	24.37	536	0.00187
98606	1	76.50	24.37	536	0.00093
99141	1	77.50	24.37	535	0.00187
99677	1	77.75	24.44	536	0.00047
100211	1	78.75	24.44	534	0.00187
100747	1	79.00	24.44	536	0.00047
101282	1	80.25	24.44	535	0.00234
101818	1	80.50	24.44	536	0.00047
102353	1	81.00	24.44	535	0.00093
102889	1	82.25	24.50	536	0.00233
103424	1	82.75	24.44	535	0.00093
103959	1	83.75	24.50	535	0.00187
104495	1	84.25	24.50	536	0.00093
105030	1	85.25	24.50	535	0.00187
105566	1	85.25	24.50	536	0.00000
106100	1	86.50	24.44	534	0.00234
106636	1	87.00	24.44	536	0.00093
107171	1	87.75	24.44	535	0.00140
107707	1	88.75	24.50	536	0.00187
108242	1	89.50	24.44	535	0.00140
108778	1	90.25	24.50	536	0.00140
109313	1	90.50	24.50	535	0.00047
109848	1	91.75	24.44	535	0.00234
110384	1	92.25	24.44	536	0.00093
110919	1	93.00	24.50	535	0.00140
111455	1	93.75	24.44	536	0.00140
111990	1	94.75	24.44	535	0.00187
112525	1	95.50	24.44	535	0.00140
113060	1	96.25	24.44	535	0.00140
113596	1	96.75	24.44	536	0.00093
114131	1	97.75	24.44	535	0.00187
114667	1	98.50	24.44	536	0.00140
115203	1	99.50	24.44	536	0.00187
115738	1	100.00	24.44	535	0.00093
116273	1	100.50	24.44	535	0.00093
116808	1	101.50	24.50	535	0.00187
117344	1	102.25	24.50	536	0.00140
117879	1	103.00	24.44	535	0.00140
118415	1	104.00	24.50	536	0.00187
118950	1	104.75	24.50	535	0.00140
119486	1	105.25	24.56	536	0.00093
120022	1	105.50	24.56	536	0.00047
120557	1	107.25	24.56	535	0.00327
121092	1	107.75	24.62	535	0.00093
121627	1	108.50	24.62	535	0.00140
122163	1	109.00	24.62	536	0.00093
122698	1	109.75	24.69	535	0.00140
123234	1	110.75	24.75	536	0.00187
123769	1	111.00	24.81	535	0.00047
124305	1	112.25	24.81	536	0.00233
124840	1	113.25	24.87	535	0.00187
125376	1	113.25	24.87	536	0.00000
125912	1	114.50	24.94	536	0.00233
126447	1	115.50	25.00	535	0.00187
126983	1	116.25	25.06	536	0.00140
127517	1	116.75	25.06	534	0.00094
128053	1	117.75	25.12	536	0.00187
128588	1	118.50	25.12	535	0.00140
129124	1	119.25	25.19	536	0.00140
129659	1	120.25	25.19	535	0.00187
130195	1	120.50	25.25	536	0.00047
130731	1	121.50	25.31	536	0.00187
131266	1	122.50	25.31	535	0.00187
131802	1	123.25	25.37	536	0.00140
132337	1	124.00	25.44	535	0.00140
132873	1	124.50	25.50	536	0.00093
133408	1	125.75	25.56	535	0.00234
133944	1	126.50	25.62	536	0.00140
134479	1	127.25	25.69	535	0.00140
135015	1	127.50	25.75	536	0.00047
135550	1	129.25	25.75	535	0.00327
136086	1	129.25	25.81	536	0.00000
136621	1	130.25	25.87	535	0.00187
137156	1	131.25	25.87	535	0.00187
137692	1	132.00	25.94	536	0.00140
138227	1	132.75	25.94	535	0.00140
138763	1	133.50	26.00	536	0.00140
139298	1	134.00	26.00	535	0.00093
139834	1	135.25	26.06	536	0.00233
140369	1	136.00	26.12	535	0.00140
140905	1	136.25	26.12	536	0.00047
141441	1	137.50	26.19	536	0.00233
141976	1	138.25	26.25	535	0.00140
142512	1	138.75	26.31	536	0.00093
143047	1	139.75	26.31	535	0.00187
143583	1	140.75	26.37	536	0.00187
144118	1	141.50	26.44	535	0.00140
144654	1	141.75	26.50	536	0.00047
145189	1	142.50	26.56	535	0.00140
145725	1	143.75	26.62	536	0.00233
146260	1	144.50	26.69	535	0.00140
146796	1	145.00	26.75	536	0.00093
147332	1	146.00	26.75	536	0.00187
147867	1	146.75	26.81	535	0.00140
148403	1	147.50	26.87	536	0.00140
148938	1	148.00	26.94	535	0.00093
149474	1	148.75	27.00	536	0.00140
150009	1	149.75	27.06	535	0.00187
150545	1	150.75	27.12	536	0.00187
151080	1	151.50	27.19	535	0.00140
151617	1	151.75	27.19	537	0.00047
152153	1	153.00	27.19	536	0.00233
152688	1	153.50	27.25	535	0.00093
153224	1	154.50	27.19	536	0.00187
153759	1	155.25	27.25	535	0.00140
154295	1	155.75	27.25	536	0.00093
154830	1	156.00	27.25	535	0.00047
155366	1	157.75	27.19	536	0.00326
155901	1	158.25	27.19	535	0.00093
156437	1	159.00	27.25	536	0.00140
156973	1	160.00	27.25	536	0.00187
157508	1	160.75	27.31	535	0.00140
158045	1	161.25	27.37	537	0.00093
158580	1	161.75	27.44	535	0.00093
159116	1	162.75	27.44	536	0.00187
159651	1	163.50	27.50	535	0.00140
160187	1	164.00	27.50	536	0.00093
160722	1	165.25	27.56	535	0.00234
161258	1	165.75	27.56	536	0.00093
161794	1	166.25	27.56	536	0.00093
162329	1	167.25	27.56	535	0.00187
162865	1	168.00	27.56	536	0.00140
163400	1	169.00	27.62	535	0.00187
163936	1	169.75	27.62	536	0.00140
164472	1	170.50	27.69	536	0.00140
165008	1	171.50	27.69	536	0.00187
165543	1	172.00	27.75	535	0.00093
166079	1	172.75	27.81	536	0.00140
166615	1	173.25	27.81	536	0.00093
167150	1	174.00	27.81	535	0.00140
167686	1	174.75	27.87	536	0.00140
168221	1	175.25	27.87	535	0.00093
168758	1	176.50	27.94	537	0.00233
169293	1	177.00	27.94	535	0.00093
169829	1	178.00	27.94	536	0.00187
170364	1	178.50	27.94	535	0.00093
170900	1	179.25	27.94	536	0.00140
171436	1	180.00	27.94	536	0.00140
171971	1	180.50	27.94	535	0.00093
172507	1	181.00	27.94	536	0.00093
173042	1	182.25	27.94	535	0.00234
173578	1	182.75	27.94	536	0.00093
174114	1	184.00	27.94	536	0.00233
174650	1	184.00	27.94	536	0.00000
175185	1	185.25	28.00	535	0.00234
175721	1	185.75	28.00	536	0.00093
176257	1	186.50	28.12	536	0.00140
176792	1	187.25	28.12	535	0.00140
177328	1	188.00	28.19	536	0.00140
177863	1	189.00	28.25	535	0.00187
178399	1	189.50	28.25	536	0.00093
178934	1	190.00	28.25	535	0.00093
179470	1	191.25	28.25	536	0.00233
180005	1	191.50	28.25	535	0.00047
180542	1	192.00	28.25	537	0.00093
181078	1	193.00	28.31	536	0.00187
181613	1	193.50	28.31	535	0.00093
182149	1	194.50	28.31	536	0.00187
182684	1	195.00	28.31	535	0.00093
183220	1	196.25	28.37	536	0.00233
183755	1	197.00	28.37	535	0.00140
184291	1	197.50	28.44	536	0.00093
184826	1	198.25	28.50	535	0.00140
185362	1	198.50	28.56	536	0.00047
185899	1	199.50	28.69	537	0.00186
186434	1	200.00	28.75	535	0.00093
186970	1	200.50	28.81	536	0.00093
187505	1	201.25	28.87	535	0.00140
188041	1	202.25	28.94	536	0.00187
188576	1	203.25	29.00	535	0.00187
189112	1	203.75	29.06	536	0.00093
189647	1	204.50	29.12	535	0.00140
190184	1	205.25	29.19	537	0.00140
190720	1	206.00	29.25	536	0.00140
191255	1	206.50	29.25	535	0.00093
191791	1	207.25	29.31	536	0.00140
192326	1	207.75	29.44	535	0.00093
192863	1	208.50	29.50	537	0.00140
193398	1	209.25	29.56	535	0.00140
193934	1	210.00	29.62	536	0.00140
194469	1	210.75	29.69	535	0.00140
195005	1	211.25	29.69	536	0.00093
195540	1	212.00	29.69	535	0.00140
196077	1	212.75	29.75	537	0.00140
196613	1	213.25	29.69	536	0.00093
197148	1	213.75	29.75	535	0.00093
197684	1	214.75	29.75	536	0.00187
198220	1	215.50	29.75	536	0.00140
198756	1	216.50	29.81	536	0.00187
199291	1	217.00	29.81	535	0.00093
199827	1	217.75	29.81	536	0.00140
200363	1	218.00	29.81	536	0.00047
200898	1	219.00	29.81	535	0.00187
201435	1	219.50	29.75	537	0.00093
201970	1	220.25	29.75	535	0.00140
202506	1	220.75	29.81	536	0.00093
203041	1	221.50	29.81	535	0.00140
203577	1	222.50	29.87	536	0.00187
204112	1	223.00	29.94	535	0.00093
204649	1	223.75	29.94	537	0.00140
205185	1	224.25	30.00	536	0.00093
205720	1	225.25	30.00	535	0.00187
206256	1	225.75	30.06	536	0.00093
206791	1	226.50	30.06	535	0.00140
207328	1	227.00	30.12	537	0.00093
207863	1	227.75	30.19	535	0.00140
208399	1	228.25	30.25	536	0.00093
208934	1	229.25	30.25	535	0.00187
209471	1	230.00	30.31	537	0.00140
210007	1	230.00	30.31	536	0.00000
210542	1	230.75	30.37	535	0.00140
211078	1	231.75	30.37	536	0.00187
211614	1	232.00	30.44	536	0.00047
212150	1	233.25	30.44	536	0.00233
212685	1	233.75	30.56	535	0.00093
213221	1	234.50	30.62	536	0.00140
213756	1	235.00	30.69	535	0.00093
214293	1	236.00	30.75	537	0.00186
214829	1	236.25	30.87	536	0.00047
215364	1	236.75	31.00	535	0.00093
215901	1	237.50	31.12	537	0.00140
216436	1	238.00	31.25	535	0.00093
216972	1	239.00	31.37	536	0.00187
217508	1	239.50	31.44	536	0.00093
218044	1	239.75	31.56	536	0.00047
218579	1	240.75	31.56	535	0.00187
219116	1	241.25	31.69	537	0.00093
219652	1	242.25	31.69	536	0.00187
220187	1	243.25	31.75	535	0.00187
220724	1	243.25	31.81	537	0.00000
221259	1	244.00	31.81	535	0.00140
221796	1	244.75	31.81	537	0.00140
222331	1	245.00	31.81	535	0.00047
222867	1	245.75	31.81	536	0.00140
223404	1	246.75	31.87	537	0.00186
223939	1	247.25	31.81	535	0.00093
224476	1	248.00	31.87	537	0.00140
225011	1	248.50	31.94	535	0.00093
225547	1	249.00	31.94	536	0.00093
226083	1	249.75	31.94	536	0.00140
226619	1	250.50	32.00	536	0.00140
227155	1	251.00	32.06	536	0.00093
227691	1	251.25	32.13	536	0.00047
228227	1	252.25	32.19	536	0.00187
228763	1	253.00	32.25	536	0.00140
229299	1	253.25	32.31	536	0.00047
229835	1	254.00	32.38	536	0.00140
230371	1	254.00	32.38	536	0.00000
230906	1	255.00	32.44	535	0.00187
231443	1	256.25	32.44	537	0.00233
231979	1	256.75	32.44	536	0.00093
232515	1	257.00	32.50	536	0.00047
233051	1	257.50	32.50	536	0.00093
233587	1	258.50	32.50	536	0.00187
234123	1	259.00	32.56	536	0.00093
234658	1	259.50	32.56	535	0.00093
235195	1	260.25	32.63	537	0.00140
235730	1	260.50	32.63	535	0.00047
236267	1	261.75	32.63	537	0.00233
236803	1	262.50	32.69	536	0.00140
237339	1	262.50	32.75	536	0.00000
237875	1	263.25	32.75	536	0.00140
238411	1	264.00	32.81	536	0.00140
238947	1	265.00	32.88	536	0.00187
239483	1	265.25	32.88	536	0.00047
240019	1	265.25	32.88	536	0.00000
240556	1	266.25	32.94	537	0.00186
241091	1	267.00	32.94	535	0.00140
241627	1	267.50	33.00	536	0.00093
242163	1	268.25	33.06	536	0.00140
242699	1	268.75	33.13	536	0.00093
243235	1	269.75	33.19	536	0.00187
243771	1	270.00	33.25	536	0.00047
244307	1	270.25	33.31	536	0.00047
244843	1	271.25	33.38	536	0.00187
245380	1	271.25	33.38	537	0.00000
245915	1	272.00	33.44	535	0.00140
246452	1	272.50	33.44	537	0.00093
246987	1	273.50	33.44	535	0.00187
247524	1	274.25	33.50	537	0.00140
248059	1	274.75	33.50	535	0.00093
248595	1	275.25	33.56	536	0.00093
249132	1	276.00	33.56	537	0.00140
249667	1	276.75	33.63	535	0.00140
250204	1	277.25	33.69	537	0.00093
250739	1	277.25	33.81	535	0.00000
251276	1	278.00	33.88	537	0.00140
251811	1	278.75	33.88	535	0.00140
252348	1	279.25	33.94	537	0.00093
252883	1	280.00	34.06	535	0.00140
253420	1	280.50	34.13	537	0.00093
253956	1	281.25	34.31	536	0.00140
254492	1	281.75	34.44	536	0.00093
255029	1	282.50	34.63	537	0.00140
255564	1	283.00	34.75	535	0.00093
256101	1	283.00	34.88	537	0.00000
256637	1	284.25	34.94	536	0.00233
257173	1	284.25	34.94	536	0.00000
257710	1	285.00	35.00	537	0.00140
258246	1	285.75	34.94	536	0.00140
258782	1	285.75	34.94	536	0.00000
259318	1	286.75	34.94	536	0.00187
259855	1	287.50	34.94	537	0.00140
260390	1	287.25	34.94	535	-0.00047
260927	1	288.00	35.00	537	0.00140
261464	1	288.75	35.00	537	0.00140
261999	1	289.75	35.13	535	0.00187
262536	1	290.50	35.19	537	0.00140
263072	1	290.50	35.19	536	0.00000
263609	1	291.75	35.25	537	0.00233
264144	1	291.50	35.31	535	-0.00047
264681	1	292.50	35.31	537	0.00186
265218	1	293.00	35.38	537	0.00093
265754	1	292.75	35.38	536	-0.00047
266290	1	294.00	35.38	536	0.00233
266826	1	294.75	35.38	536	0.00140
267363	1	294.75	35.44	537	0.00000
267899	1	295.75	35.50	536	0.00187
268436	1	295.50	35.50	537	-0.00047
268972	1	296.75	35.63	536	0.00233
269508	1	297.25	35.69	536	0.00093
270045	1	297.50	35.75	537	0.00047
270581	1	298.25	35.75	536	0.00140
271118	1	299.00	35.88	537	0.00140
271653	1	299.50	36.00	535	0.00093
272190	1	300.50	36.13	537	0.00186
272727	1	300.50	36.25	537	0.00000
273263	1	300.50	36.38	536	0.00000
273800	1	301.00	36.56	537	0.00093
274336	1	302.50	36.69	536	0.00280
274873	1	302.50	36.81	537	0.00000
275409	1	303.25	36.94	536	0.00140
275946	1	303.75	37.00	537	0.00093
276483	1	304.25	37.06	537	0.00093
277019	1	304.50	37.13	536	0.00047
277556	1	305.25	37.19	537	0.00140
278092	1	305.50	37.25	536	0.00047
278629	1	306.25	37.25	537	0.00140
279165	1	307.00	37.25	536	0.00140
279702	1	307.50	37.25	537	0.00093
280239	1	308.00	37.19	537	0.00093
280775	1	308.00	37.25	536	0.00000
281312	1	308.50	37.19	537	0.00093
281848	1	309.00	37.19	536	0.00093
282385	1	310.00	37.19	537	0.00186
282923	1	310.75	37.19	538	0.00139
283459	1	311.00	37.19	536	0.00047
283996	1	311.00	37.25	537	0.00000
284532	1	311.75	37.31	536	0.00140
285069	1	312.50	37.38	537	0.00140
285605	1	312.75	37.38	536	0.00047
286142	1	313.50	37.44	537	0.00140
286679	1	314.00	37.44	537	0.00093
287216	1	314.00	37.50	537	0.00000
287753	1	314.75	37.56	537	0.00140
288289	1	315.75	37.63	536	0.00187
288826	1	315.75	37.69	537	0.00000
289362	1	316.50	37.69	536	0.00140
289899	1	317.00	37.75	537	0.00093
290437	1	317.25	37.75	538	0.00046
290973	1	318.00	37.75	536	0.00140
291510	1	318.25	37.69	537	0.00047
292046	1	318.50	37.69	536	0.00047
292583	1	319.25	37.69	537	0.00140
293121	1	319.75	37.75	538	0.00093
293657	1	320.25	37.81	536	0.00093
294194	1	320.25	37.88	537	0.00000
294730	1	321.50	37.94	536	0.00233
295267	1	321.50	38.00	537	0.00000
295803	1	322.25	38.13	536	0.00140
296341	1	322.75	38.19	538	0.00093
296878	1	323.00	38.19	537	0.00047
297414	1	324.00	38.25	536	0.00187
297951	1	324.00	38.25	537	0.00000
298488	1	325.00	38.25	537	0.00186
299025	1	325.25	38.25	537	0.00047
299561	1	325.25	38.31	536	0.00000
300098	1	325.75	38.38	537	0.00093
300636	1	325.75	38.38	538	0.00000
301172	1	327.00	38.44	536	0.00233
301709	1	327.75	38.50	537	0.00140
302246	1	327.75	38.56	537	0.00000
302783	1	328.25	38.63	537	0.00093
303320	1	329.00	38.69	537	0.00140
303857	1	329.25	38.75	537	0.00047
304394	1	330.00	38.88	537	0.00140
304930	1	330.25	38.94	536	0.00047
305468	1	330.50	39.06	538	0.00046
306004	1	331.00	39.19	536	0.00093
306542	1	331.75	39.38	538	0.00139
307079	1	332.25	39.50	537	0.00093
307616	1	332.50	39.69	537	0.00047
308153	1	332.75	39.88	537	0.00047
308690	1	333.50	40.00	537	0.00140
309227	1	333.50	40.13	537	0.00000
309765	1	334.50	40.25	538	0.00186
310302	1	335.25	40.31	537	0.00140
310839	1	335.50	40.38	537	0.00047
311376	1	336.00	40.44	537	0.00093
311914	1	335.75	40.50	538	-0.00046
312451	1	336.25	40.50	537	0.00093
312988	1	337.25	40.56	537	0.00186
313526	1	337.50	40.63	538	0.00046
314063	1	338.00	40.63	537	0.00093
314601	1	338.25	40.63	538	0.00046
315138	1	338.50	40.63	537	0.00047
315675	1	339.25	40.69	537	0.00140
316213	1	340.00	40.69	538	0.00139
316750	1	340.00	40.69	537	0.00000
317288	1	340.75	40.75	538	0.00139
317825	1	341.25	40.81	537	0.00093
318362	1	341.75	40.88	537	0.00093
318900	1	341.25	40.94	538	-0.00093
319437	1	341.75	41.06	537	0.00093
319975	1	342.50	41.19	538	0.00139
320513	1	342.75	41.31	538	0.00046
321050	1	343.75	41.38	537	0.00186
321588	1	344.25	41.44	538	0.00093
322125	1	344.75	41.44	537	0.00093
322664	1	345.00	41.50	539	0.00046
323202	1	345.00	41.50	538	0.00000
323739	1	345.75	41.56	537	0.00140
324277	1	345.50	41.63	538	-0.00046
324814	1	346.50	41.63	537	0.00186
325352	1	347.00	41.69	538	0.00093
325890	1	347.75	41.69	538	0.00139
326427	1	347.75	41.69	537	0.00000
326966	1	348.50	41.75	539	0.00139
327503	1	348.75	41.75	537	0.00047
328041	1	349.00	41.81	538	0.00046
328579	1	349.50	41.88	538	0.00093
329117	1	350.00	41.94	538	0.00093
329655	1	350.50	42.00	538	0.00093
330192	1	350.25	42.06	537	-0.00047
330730	1	351.50	42.06	538	0.00232
331269	1	352.00	42.06	539	0.00093
331806	1	352.00	42.06	537	0.00000
332344	1	352.50	42.06	538	0.00093
332882	1	352.50	42.13	538	0.00000
333420	1	353.00	42.19	538	0.00093
333958	1	353.25	42.25	538	0.00046
334495	1	353.75	42.25	537	0.00093
335034	1	354.50	42.19	539	0.00139
335571	1	355.00	42.19	537	0.00093
336109	1	355.25	42.19	538	0.00046
336648	1	355.75	42.25	539	0.00093
337185	1	356.25	42.19	537	0.00093
337723	1	357.00	42.25	538	0.00139
338262	1	357.00	42.31	539	0.00000
338799	1	357.25	42.38	537	0.00047
339337	1	357.00	42.44	538	-0.00046
339875	1	358.00	42.44	538	0.00186
340413	1	358.25	42.56	538	0.00046
340952	1	358.75	42.63	539	0.00093
341489	1	359.00	42.69	537	0.00047
342028	1	359.25	42.69	539	0.00046
342565	1	359.75	42.75	537	0.00093
343104	1	360.25	42.81	539	0.00093
343642	1	361.00	42.94	538	0.00139
344180	1	361.25	43.00	538	0.00046
344718	1	361.50	43.13	538	0.00046
345256	1	361.75	43.31	538	0.00046
345795	1	362.50	43.38	539	0.00139
346333	1	362.50	43.50	538	0.00000
346871	1	363.50	43.50	538	0.00186
347410	1	363.75	43.56	539	0.00046
347948	1	364.00	43.56	538	0.00046
348486	1	364.00	43.63	538	0.00000
349025	1	364.75	43.63	539	0.00139
349562	1	364.75	43.69	537	0.00000
350101	1	365.00	43.69	539	0.00046
350640	1	365.50	43.81	539	0.00093
351177	1	366.25	43.88	537	0.00140
351716	1	366.50	43.94	539	0.00046
352254	1	366.75	44.06	538	0.00046
352793	1	367.25	44.19	539	0.00093
353331	1	367.75	44.25	538	0.00093
353869	1	368.00	44.31	538	0.00046
354408	1	368.50	44.38	539	0.00093
354947	1	368.50	44.44	539	0.00000
355485	1	369.50	44.44	538	0.00186
356024	1	369.75	44.50	539	0.00046
356562	1	370.25	44.56	538	0.00093
357101	1	370.50	44.56	539	0.00046
357639	1	370.75	44.63	538	0.00046
358177	1	371.00	44.69	538	0.00046
358716	1	371.50	44.75	539	0.00093
359255	1	371.75	44.81	539	0.00046
359793	1	372.00	44.88	538	0.00046
360332	1	372.75	45.00	539	0.00139
360870	1	373.00	45.06	538	0.00046
361409	1	373.25	45.13	539	0.00046
361948	1	373.50	45.19	539	0.00046
362486	1	374.00	45.25	538	0.00093
363025	1	374.50	45.31	539	0.00093
363564	1	374.50	45.44	539	0.00000
364102	1	375.50	45.50	538	0.00186
364641	1	375.50	45.63	539	0.00000
365179	1	375.75	45.69	538	0.00046
365719	1	376.25	45.81	540	0.00093
366258	1	376.75	45.88	539	0.00093
366796	1	376.50	45.94	538	-0.00046
367335	1	377.25	46.00	539	0.00139
367875	1	377.75	46.06	540	0.00093
368413	1	377.50	46.13	538	-0.00046
368952	1	378.25	46.25	539	0.00139
369491	1	378.25	46.31	539	0.00000
370030	1	379.00	46.38	539	0.00139
370569	1	379.50	46.44	539	0.00093
371107	1	379.75	46.50	538	0.00046
371647	1	380.00	46.56	540	0.00046
372186	1	380.25	46.63	539	0.00046
372724	1	381.00	46.69	538	0.00139
373264	1	380.75	46.75	540	-0.00046
373803	1	382.00	46.81	539	0.00232
374342	1	382.00	46.81	539	0.00000
374881	1	382.25	46.88	539	0.00046
375419	1	382.75	46.88	538	0.00093
375959	1	383.00	46.94	540	0.00046
376498	1	383.50	46.94	539	0.00093
377037	1	383.50	47.00	539	0.00000
377576	1	384.00	47.00	539	0.00093
378116	1	384.50	47.06	540	0.00093
378655	1	384.75	47.13	539	0.00046
379194	1	385.25	47.19	539	0.00093
379734	1	385.25	47.31	540	0.00000
380272	1	385.25	47.38	538	0.00000
380812	1	386.00	47.50	540	0.00139
381350	1	386.50	47.63	538	0.00093
381890	1	386.50	47.75	540	0.00000
382429	1	386.50	47.88	539	0.00000
382968	1	387.25	48.00	539	0.00139
383508	1	387.50	48.13	540	0.00046
384048	1	388.00	48.25	540	0.00093
384586	1	388.50	48.31	538	0.00093
385126	1	389.00	48.38	540	0.00093
385666	1	388.75	48.44	540	-0.00046
386205	1	389.50	48.50	539	0.00139
386745	1	389.50	48.63	540	0.00000
387284	1	389.75	48.63	539	0.00046
387824	1	390.00	48.75	540	0.00046
388364	1	390.75	48.75	540	0.00139
388903	1	391.25	48.75	539	0.00093
389443	1	391.50	48.81	540	0.00046
389983	1	391.75	48.88	540	0.00046
390522	1	391.50	48.88	539	-0.00046
391062	1	391.75	48.88	540	0.00046
391602	1	392.25	48.94	540	0.00093
392141	1	393.25	49.06	539	0.00186
392681	1	393.25	49.13	540	0.00000
393221	1	393.75	49.19	540	0.00093
393760	1	393.75	49.31	539	0.00000
394300	1	394.25	49.38	540	0.00093
394840	1	394.50	49.44	540	0.00046
395380	1	395.25	49.56	540	0.00139
395920	1	395.25	49.69	540	0.00000
396460	1	395.75	49.69	540	0.00093
396999	1	395.50	49.75	539	-0.00046
397539	1	396.25	49.81	540	0.00139
398078	1	396.50	49.81	539	0.00046
398618	1	396.75	49.88	540	0.00046
399159	1	397.50	49.88	541	0.00139
399698	1	397.25	49.94	539	-0.00046
400238	1	398.00	49.94	540	0.00139
400778	1	398.00	49.94	540	0.00000
401317	1	398.50	49.94	539	0.00093
401858	1	399.00	49.94	541	0.00092
402398	1	398.75	50.00	540	-0.00046
402937	1	399.00	50.06	539	0.00046
403477	1	399.50	50.13	540	0.00093
404018	1	400.25	50.19	541	0.00139
404557	1	400.50	50.31	539	0.00046
405097	1	400.50	50.44	540	0.00000
405637	1	401.00	50.50	540	0.00093
406177	1	401.50	50.56	540	0.00093
406717	1	401.75	50.63	540	0.00046
407258	1	401.50	50.75	541	-0.00046
407797	1	402.25	50.81	539	0.00139
408338	1	402.50	50.88	541	0.00046
408878	1	402.75	50.94	540	0.00046
409417	1	403.25	51.00	539	0.00093
409958	1	403.50	51.06	541	0.00046
410499	1	403.75	51.19	541	0.00046
411038	1	403.75	51.25	539	0.00000
411579	1	404.00	51.31	541	0.00046
412119	1	404.50	51.38	540	0.00093
412659	1	404.50	51.44	540	0.00000
413200	1	405.25	51.56	541	0.00139
413740	1	405.50	51.63	540	0.00046
414280	1	405.00	51.75	540	-0.00093
414821	1	406.00	51.88	541	0.00185
415362	1	406.25	52.00	541	0.00046
415901	1	406.00	52.19	539	-0.00046
416442	1	406.50	52.38	541	0.00092
416983	1	407.25	52.50	541	0.00139
417523	1	407.50	52.69	540	0.00046
418064	1	407.75	52.81	541	0.00046
418606	1	408.00	52.94	542	0.00046
419146	1	408.50	53.00	540	0.00093
419687	1	409.00	53.06	541	0.00092
420228	1	408.75	53.06	541	-0.00046
420768	1	409.25	53.13	540	0.00093
421309	1	409.75	53.13	541	0.00092
421850	1	410.00	53.19	541	0.00046
422390	1	410.25	53.19	540	0.00046
422932	1	410.50	53.25	542	0.00046
423473	1	410.50	53.31	541	0.00000
424013	1	410.75	53.31	540	0.00046
424554	1	411.25	53.31	541	0.00092
425095	1	411.50	53.38	541	0.00046
425636	1	411.75	53.44	541	0.00046
426177	1	412.50	53.44	541	0.00139
426718	1	412.00	53.50	541	-0.00092
427258	1	412.75	53.56	540	0.00139
427799	1	413.00	53.63	541	0.00046
428341	1	413.25	53.75	542	0.00046
428881	1	413.50	53.81	540	0.00046
429422	1	413.75	53.94	541	0.00046
429964	1	414.00	54.00	542	0.00046
430504	1	414.25	54.06	540	0.00046
431045	1	414.50	54.13	541	0.00046
431587	1	414.50	54.13	542	0.00000
432128	1	415.00	54.25	541	0.00092
432668	1	415.50	54.25	540	0.00093
433210	1	415.50	54.38	542	0.00000
433751	1	416.00	54.56	541	0.00092
434292	1	416.25	54.75	541	0.00046
434833	1	416.50	54.94	541	0.00046
435375	1	416.75	55.06	542	0.00046
435916	1	417.25	55.25	541	0.00092
436458	1	417.50	55.31	542	0.00046
436999	1	417.50	55.38	541	0.00000
437540	1	418.00	55.44	541	0.00092
438082	1	418.00	55.44	542	0.00000
438624	1	418.50	55.56	542	0.00092
439165	1	418.25	55.63	541	-0.00046
439706	1	419.00	55.69	541	0.00139
440248	1	419.25	55.81	542	0.00046
440790	1	419.50	55.88	542	0.00046
441331	1	419.75	55.94	541	0.00046
441873	1	419.75	56.00	542	0.00000
442415	1	420.25	56.06	542	0.00092
442956	1	420.50	56.06	541	0.00046
443498	1	420.25	56.13	542	-0.00046
444040	1	420.75	56.13	542	0.00092
444582	1	421.00	56.19	542	0.00046
445124	1	421.50	56.25	542	0.00092
445666	1	422.25	56.31	542	0.00138
446208	1	422.25	56.38	542	0.00000
446749	1	422.25	56.38	541	0.00000
447291	1	422.75	56.44	542	0.00092
447833	1	423.00	56.50	542	0.00046
448374	1	423.50	56.63	541	0.00092
448916	1	423.25	56.69	542	-0.00046
449459	1	423.25	56.81	543	0.00000
450000	1	423.50	56.94	541	0.00046
450542	1	424.00	57.06	542	0.00092
451085	1	424.00	57.19	543	0.00000
451627	1	424.75	57.31	542	0.00138
452168	1	424.50	57.38	541	-0.00046
452711	1	425.25	57.44	543	0.00138
453253	1	425.00	57.56	542	-0.00046
453795	1	425.75	57.63	542	0.00138
454337	1	425.75	57.69	542	0.00000
454880	1	426.00	57.75	543	0.00046
455421	1	426.00	57.81	541	0.00000
455964	1	426.00	57.88	543	0.00000
456506	1	426.75	57.94	542	0.00138
457049	1	426.75	58.00	543	0.00000
457591	1	427.50	58.13	542	0.00138
458133	1	427.50	58.25	542	0.00000
458676	1	428.25	58.31	543	0.00138
459218	1	428.25	58.38	542	0.00000
459761	1	428.25	58.44	543	0.00000
460303	1	428.50	58.56	542	0.00046
460846	1	429.00	58.69	543	0.00092
461388	1	429.00	58.81	542	0.00000
461931	1	429.25	59.00	543	0.00046
462474	1	429.25	59.13	543	0.00000
463016	1	430.00	59.25	542	0.00138
463559	1	430.25	59.31	543	0.00046
464102	1	429.50	59.31	543	-0.00138
464645	1	430.25	59.31	543	0.00138
465187	1	430.25	59.38	542	0.00000
465730	1	431.00	59.38	543	0.00138
466273	1	431.25	59.38	543	0.00046
466816	1	431.00	59.44	543	-0.00046
467358	1	431.50	59.56	542	0.00092
467901	1	432.25	59.63	543	0.00138
468444	1	431.50	59.69	543	-0.00138
468987	1	432.25	59.81	543	0.00138
469530	1	432.25	59.88	543	0.00000
470073	1	432.75	59.94	543	0.00092
470616	1	432.50	60.00	543	-0.00046
471159	1	433.25	60.06	543	0.00138
471702	1	433.75	60.06	543	0.00092
472245	1	434.00	60.06	543	0.00046
472788	1	433.50	60.13	543	-0.00092
473331	1	434.00	60.13	543	0.00092
473874	1	434.00	60.19	543	0.00000
474417	1	434.50	60.25	543	0.00092
474960	1	435.00	60.38	543	0.00092
475503	1	434.75	60.38	543	-0.00046
476046	1	435.50	60.44	543	0.00138
476590	1	435.50	60.50	544	0.00000
477132	1	435.75	60.50	542	0.00046
477675	1	435.75	60.50	543	0.00000
478219	1	436.00	60.50	544	0.00046
478761	1	436.50	60.56	542	0.00092
479304	1	436.50	60.69	543	0.00000
479848	1	436.50	60.69	544	0.00000
480391	1	437.25	60.81	543	0.00138
480934	1	437.25	60.88	543	0.00000
481477	1	437.25	60.94	543	0.00000
482021	1	437.75	61.06	544	0.00092
482565	1	437.50	61.19	544	-0.00046
483107	1	438.00	61.25	542	0.00092
483651	1	438.25	61.31	544	0.00046
484195	1	438.25	61.44	544	0.00000
484738	1	438.75	61.56	543	0.00092
485281	1	439.00	61.75	543	0.00046
485825	1	439.00	61.94	544	0.00000
486369	1	439.50	62.13	544	0.00092
486913	1	439.50	62.25	544	0.00000
487456	1	439.50	62.38	543	0.00000
488000	1	440.25	62.50	544	0.00138
488544	1	439.50	62.56	544	-0.00138
489089	1	440.00	62.63	545	0.00092
489632	1	440.00	62.69	543	0.00000
490176	1	441.00	62.75	544	0.00184
490720	1	441.25	62.88	544	0.00046
491264	1	441.50	62.94	544	0.00046
491808	1	441.25	63.06	544	-0.00046
492352	1	441.75	63.13	544	0.00092
492896	1	441.50	63.19	544	-0.00046
493441	1	442.00	63.25	545	0.00092
493984	1	442.25	63.31	543	0.00046
494529	1	442.50	63.38	545	0.00046
495073	1	442.75	63.44	544	0.00046
495618	1	442.75	63.50	545	0.00000
496161	1	442.50	63.63	543	-0.00046
496705	1	442.75	63.69	544	0.00046
497250	1	443.50	63.81	545	0.00138
497794	1	443.75	63.88	544	0.00046
498338	1	443.50	64.00	544	-0.00046
498883	1	444.00	64.06	545	0.00092
499427	1	444.00	64.12	544	0.00000
499972	1	444.50	64.25	545	0.00092
500516	1	444.50	64.37	544	0.00000
501060	1	445.00	64.50	544	0.00092
501605	1	445.00	64.56	545	0.00000
502150	1	445.25	64.62	545	0.00046
502694	1	445.50	64.69	544	0.00046
503239	1	445.50	64.75	545	0.00000
503783	1	446.00	64.81	544	0.00092
504328	1	446.00	64.87	545	0.00000
504872	1	446.25	64.87	544	0.00046
505417	1	446.75	64.94	545	0.00092
505962	1	447.00	65.06	545	0.00046
506507	1	447.00	65.19	545	0.00000
507052	1	447.00	65.31	545	0.00000
507596	1	447.25	65.37	544	0.00046
508141	1	447.50	65.44	545	0.00046
508686	1	447.75	65.44	545	0.00046
509232	1	448.00	65.44	546	0.00046
509776	1	448.00	65.44	544	0.00000
510321	1	448.25	65.50	545	0.00046
510866	1	448.00	65.50	545	-0.00046
511411	1	448.75	65.56	545	0.00138
511955	1	449.00	65.62	544	0.00046
512501	1	449.00	65.69	546	0.00000
513046	1	449.00	65.81	545	0.00000
513591	1	449.50	65.87	545	0.00092
514136	1	450.00	66.00	545	0.00092
514681	1	449.75	66.06	545	-0.00046
515226	1	450.00	66.12	545	0.00046
515771	1	450.00	66.25	545	0.00000
516317	1	450.25	66.37	546	0.00046
516861	1	450.50	66.44	544	0.00046
517407	1	450.75	66.50	546	0.00046
517952	1	450.75	66.56	545	0.00000
518498	1	451.00	66.69	546	0.00046
519044	1	451.25	66.75	546	0.00046
519588	1	451.25	66.87	544	0.00000
520134	1	451.50	67.00	546	0.00046
520680	1	451.50	67.12	546	0.00000
521225	1	452.00	67.25	545	0.00092
521771	1	452.00	67.37	546	0.00000
522316	1	452.25	67.50	545	0.00046
522862	1	452.50	67.56	546	0.00046
523408	1	452.75	67.69	546	0.00046
523954	1	452.75	67.75	546	0.00000
524499	1	452.75	67.81	545	0.00000
525045	1	453.25	67.94	546	0.00092
525591	1	453.50	68.00	546	0.00046
526137	1	453.75	68.06	546	0.00046
526683	1	453.75	68.12	546	0.00000
527228	1	454.25	68.19	545	0.00092
527774	1	454.25	68.25	546	0.00000
528320	1	454.00	68.31	546	-0.00046
528866	1	454.75	68.37	546	0.00137
529413	1	455.00	68.50	547	0.00046
529958	1	455.00	68.62	545	0.00000
530504	1	455.00	68.69	546	0.00000
531050	1	455.25	68.75	546	0.00046
531597	1	455.75	68.87	547	0.00091
532143	1	455.25	69.00	546	-0.00092
532689	1	455.75	69.19	546	0.00092
533235	1	456.25	69.31	546	0.00092
533782	1	456.00	69.44	547	-0.00046
534328	1	456.00	69.62	546	0.00000
534875	1	456.50	69.62	547	0.00091
535421	1	457.00	69.75	546	0.00092
535967	1	456.75	69.87	546	-0.00046
536514	1	456.50	70.00	547	-0.00046
537061	1	457.25	70.12	547	0.00137
537608	1	457.50	70.25	547	0.00046
538155	1	457.25	70.37	547	-0.00046
538701	1	457.50	70.50	546	0.00046
539248	1	457.75	70.50	547	0.00046
539795	1	458.00	70.56	547	0.00046
540342	1	458.25	70.56	547	0.00046
540889	1	458.25	70.56	547	0.00000
541435	1	458.00	70.62	546	-0.00046
541982	1	458.50	70.62	547	0.00091
542529	1	459.00	70.62	547	0.00091
543076	1	459.00	70.62	547	0.00000
543623	1	459.00	70.69	547	0.00000
544169	1	459.50	70.69	546	0.00092
544716	1	459.75	70.75	547	0.00046
545263	1	459.50	70.75	547	-0.00046
545810	1	460.25	70.75	547	0.00137
546357	1	459.75	70.81	547	-0.00091
546904	1	459.75	70.87	547	0.00000
547450	1	460.75	70.94	546	0.00183
547997	1	460.25	71.06	547	-0.00091
548545	1	460.00	71.19	548	-0.00046
549092	1	461.25	71.25	547	0.00229
549639	1	461.25	71.31	547	0.00000
550185	1	461.00	71.37	546	-0.00046
550733	1	461.50	71.37	548	0.00091
551280	1	461.25	71.44	547	-0.00046
551827	1	461.75	71.50	547	0.00091
552375	1	462.00	71.56	548	0.00046
552922	1	462.00	71.62	547	0.00000
553468	1	461.75	71.69	546	-0.00046
554016	1	462.25	71.75	548	0.00091
554563	1	462.75	71.87	547	0.00091
555111	1	462.50	72.00	548	-0.00046
555658	1	463.00	72.12	547	0.00091
556206	1	463.00	72.31	548	0.00000
556753	1	463.25	72.56	547	0.00046
557300	1	463.50	72.75	547	0.00046
557848	1	463.25	72.94	548	-0.00046
558396	1	463.00	73.12	548	-0.00046
558944	1	464.00	73.31	548	0.00182
559492	1	464.00	73.44	548	0.00000
560039	1	464.00	73.62	547	0.00000
560588	1	464.50	73.75	549	0.00091
561136	1	464.00	73.87	548	-0.00091
561684	1	464.75	73.94	548	0.00137
562232	1	464.50	73.94	548	-0.00046
562781	1	464.75	73.94	549	0.00046
563329	1	465.00	74.00	548	0.00046
563876	1	465.25	74.00	547	0.00046
564425	1	465.25	74.00	549	0.00000
564973	1	465.75	74.06	548	0.00091
565521	1	465.75	74.19	548	0.00000
566070	1	466.00	74.31	549	0.00046
566618	1	465.50	74.37	548	-0.00091
567166	1	466.25	74.50	548	0.00137
567714	1	466.50	74.56	548	0.00046
568263	1	466.50	74.69	549	0.00000
568811	1	466.75	74.75	548	0.00046
569360	1	466.75	74.94	549	0.00000
569909	1	467.00	75.00	549	0.00046
570457	1	467.25	75.12	548	0.00046
571005	1	467.25	75.19	548	0.00000
571554	1	467.50	75.31	549	0.00046
572103	1	467.50	75.37	549	0.00000
572652	1	467.25	75.44	549	-0.00046
573201	1	467.75	75.44	549	0.00091
573749	1	468.00	75.44	548	0.00046
574298	1	468.00	75.50	549	0.00000
574846	1	468.00	75.56	548	0.00000
575395	1	468.00	75.62	549	0.00000
575944	1	468.00	75.62	549	0.00000
576493	1	468.50	75.69	549	0.00091
577042	1	469.00	75.75	549	0.00091
577591	1	469.00	75.75	549	0.00000
578140	1	469.25	75.81	549	0.00046
578689	1	469.25	75.87	549	0.00000
579237	1	469.50	75.87	548	0.00046
579786	1	469.50	75.94	549	0.00000
580335	1	469.50	76.00	549	0.00000
580884	1	469.50	76.06	549	0.00000
581433	1	470.25	76.19	549	0.00137
581982	1	470.25	76.31	549	0.00000
582531	1	470.00	76.37	549	-0.00046
583079	1	470.50	76.44	548	0.00091
583629	1	470.50	76.50	550	0.00000
584178	1	470.75	76.62	549	0.00046
584727	1	471.00	76.69	549	0.00046
585277	1	471.00	76.81	550	0.00000
585826	1	471.25	76.87	549	0.00046
586375	1	471.50	77.00	549	0.00046
586925	1	471.50	77.06	550	0.00000
587473	1	471.50	77.19	548	0.00000
588023	1	471.75	77.25	550	0.00045
588572	1	472.00	77.31	549	0.00046
589122	1	472.00	77.37	550	0.00000
589672	1	472.00	77.44	550	0.00000
590221	1	472.25	77.56	549	0.00046
590771	1	472.00	77.62	550	-0.00045
591321	1	472.50	77.69	550	0.00091
591870	1	473.00	77.75	549	0.00091
592419	1	473.00	77.87	549	0.00000
592969	1	473.00	77.94	550	0.00000
593519	1	472.75	78.00	550	-0.00045
594069	1	473.25	78.12	550	0.00091
594619	1	473.25	78.19	550	0.00000
595169	1	473.75	78.31	550	0.00091
595719	1	473.75	78.44	550	0.00000
596269	1	473.75	78.50	550	0.00000
596818	1	473.75	78.62	549	0.00000
597368	1	474.25	78.75	550	0.00091
597918	1	474.00	78.81	550	-0.00045
598469	1	474.50	78.94	551	0.00091
599019	1	474.50	79.06	550	0.00000
599569	1	474.75	79.19	550	0.00045
600120	1	474.75	79.31	551	0.00000
600670	1	475.25	79.50	550	0.00091
601221	1	475.00	79.69	551	-0.00045
601772	1	475.25	79.87	551	0.00045
602321	1	475.25	80.00	549	0.00000
602872	1	475.75	80.19	551	0.00091
603423	1	475.25	80.25	551	-0.00091
603974	1	475.75	80.31	551	0.00091
604525	1	475.50	80.31	551	-0.00045
605076	1	475.75	80.31	551	0.00045
605627	1	475.75	80.37	551	0.00000
606178	1	476.25	80.44	551	0.00091
606729	1	476.25	80.50	551	0.00000
607280	1	476.25	80.56	551	0.00000
607831	1	476.50	80.62	551	0.00045
608381	1	476.50	80.62	550	0.00000
608932	1	477.00	80.69	551	0.00091
609483	1	477.00	80.75	551	0.00000
610034	1	477.50	80.81	551	0.00091
610585	1	477.25	80.81	551	-0.00045
611136	1	477.25	80.81	551	0.00000
611687	1	477.50	80.81	551	0.00045
612238	1	477.25	80.81	551	-0.00045
612789	1	477.50	80.87	551	0.00045
613340	1	478.00	80.94	551	0.00091
613892	1	478.00	81.00	552	0.00000
614443	1	478.00	81.06	551	0.00000
614993	1	478.50	81.19	550	0.00091
615544	1	477.75	81.25	551	-0.00136
616096	1	478.50	81.37	552	0.00136
616647	1	478.75	81.44	551	0.00045
617198	1	479.00	81.56	551	0.00045
617750	1	478.75	81.69	552	-0.00045
618301	1	479.00	81.75	551	0.00045
618853	1	479.25	81.81	552	0.00045
619404	1	478.75	81.81	551	-0.00091
619956	1	479.25	81.87	552	0.00091
620507	1	479.50	81.94	551	0.00045
621059	1	479.75	82.00	552	0.00045
621611	1	479.75	82.06	552	0.00000
622161	1	479.50	82.12	550	-0.00045
622713	1	479.75	82.25	552	0.00045
623265	1	480.00	82.25	552	0.00045
623816	1	480.25	82.37	551	0.00045
624368	1	480.25	82.44	552	0.00000
624920	1	480.00	82.56	552	-0.00045
625472	1	480.75	82.69	552	0.00136
626024	1	480.50	82.81	552	-0.00045
626576	1	481.00	82.94	552	0.00091
627128	1	481.00	83.06	552	0.00000
627680	1	481.00	83.25	552	0.00000
628232	1	481.25	83.37	552	0.00045
628784	1	481.00	83.56	552	-0.00045
629337	1	481.50	83.69	553	0.00090
629889	1	481.25	83.75	552	-0.00045
630440	1	481.50	83.87	551	0.00045
630993	1	481.75	83.87	553	0.00045
631545	1	481.50	84.00	552	-0.00045
632098	1	482.00	84.06	553	0.00090
632650	1	481.75	84.12	552	-0.00045
633203	1	482.00	84.25	553	0.00045
633755	1	482.50	84.25	552	0.00091
634308	1	482.50	84.37	553	0.00000
634860	1	482.50	84.44	552	0.00000
635413	1	482.50	84.50	553	0.00000
635965	1	482.50	84.50	552	0.00000
636518	1	483.00	84.56	553	0.00090
637071	1	482.50	84.62	553	-0.00090
637623	1	482.75	84.62	552	0.00045
638176	1	483.25	84.69	553	0.00090
638729	1	483.00	84.75	553	-0.00045
639282	1	483.00	84.81	553	0.00000
639834	1	483.00	84.87	552	0.00000
640387	1	483.50	85.00	553	0.00090
640940	1	483.75	85.12	553	0.00045
641492	1	483.75	85.25	552	0.00000
642045	1	483.50	85.37	553	-0.00045
642598	1	484.00	85.44	553	0.00090
643151	1	484.00	85.44	553	0.00000
643704	1	484.00	85.50	553	0.00000
644257	1	484.25	85.56	553	0.00045
644810	1	484.25	85.62	553	0.00000
645363	1	484.50	85.69	553	0.00045
645917	1	484.50	85.69	554	0.00000
646470	1	484.75	85.75	553	0.00045
647023	1	484.75	85.75	553	0.00000
647576	1	485.00	85.75	553	0.00045
648129	1	485.00	85.81	553	0.00000
648683	1	485.00	85.87	554	0.00000
649236	1	485.00	85.94	553	0.00000
649789	1	485.25	85.94	553	0.00045
650343	1	485.25	86.00	554	0.00000
650896	1	485.75	86.12	553	0.00090
651449	1	485.50	86.19	553	-0.00045
652003	1	486.00	86.31	554	0.00090
652556	1	485.75	86.37	553	-0.00045
653110	1	486.00	86.50	554	0.00045
653663	1	486.25	86.56	553	0.00045
654217	1	486.25	86.62	554	0.00000
654771	1	486.50	86.75	554	0.00045
655324	1	486.50	86.87	553	0.00000
655878	1	486.50	87.06	554	0.00000
656432	1	487.00	87.19	554	0.00090
656986	1	487.00	87.25	554	0.00000
657540	1	486.75	87.31	554	-0.00045
658094	1	487.25	87.44	554	0.00090
658648	1	487.00	87.50	554	-0.00045
659202	1	487.00	87.56	554	0.00000
659756	1	487.50	87.69	554	0.00090
660310	1	487.50	87.75	554	0.00000
660864	1	487.25	87.81	554	-0.00045
661417	1	487.75	87.81	553	0.00090
661971	1	487.75	87.87	554	0.00000
662525	1	487.50	87.87	554	-0.00045
663080	1	488.25	87.87	555	0.00135
663634	1	487.50	87.87	554	-0.00135
664188	1	488.25	87.94	554	0.00135
664742	1	488.25	87.94	554	0.00000
665297	1	488.50	88.00	555	0.00045
665851	1	488.50	88.00	554	0.00000
666405	1	488.50	88.06	554	0.00000
666959	1	488.75	88.12	554	0.00045
667514	1	488.50	88.25	555	-0.00045
668068	1	488.75	88.31	554	0.00045
668623	1	489.25	88.44	555	0.00090
669177	1	489.00	88.50	554	-0.00045
669732	1	488.75	88.56	555	-0.00045
670286	1	489.25	88.62	554	0.00090
670841	1	489.00	88.69	555	-0.00045
671396	1	489.25	88.75	555	0.00045
671950	1	489.00	88.81	554	-0.00045
672505	1	489.00	88.81	555	0.00000
673059	1	489.50	88.94	554	0.00090
673614	1	490.00	89.00	555	0.00090
674169	1	489.75	89.06	555	-0.00045
674724	1	490.00	89.12	555	0.00045
675278	1	490.25	89.19	554	0.00045
675833	1	490.25	89.25	555	0.00000
676388	1	490.00	89.31	555	-0.00045
676943	1	490.00	89.37	555	0.00000
677498	1	490.00	89.44	555	0.00000
678053	1	490.50	89.50	555	0.00090
678608	1	490.50	89.56	555	0.00000
679163	1	490.75	89.62	555	0.00045
679717	1	490.75	89.69	554	0.00000
680272	1	490.75	89.75	555	0.00000
680827	1	491.25	89.81	555	0.00090
681383	1	491.00	89.87	556	-0.00045
681938	1	491.25	89.94	555	0.00045
682493	1	491.25	90.06	555	0.00000
683048	1	491.00	90.19	555	-0.00045
683603	1	491.50	90.25	555	0.00090
684158	1	491.00	90.31	555	-0.00090
684715	1	491.50	90.37	557	0.00090
685270	1	491.50	90.44	555	0.00000
685825	1	491.75	90.50	555	0.00045
686381	1	491.75	90.56	556	0.00000
686936	1	492.00	90.69	555	0.00045
687492	1	492.25	90.75	556	0.00045
688047	1	492.00	90.87	555	-0.00045
688603	1	492.25	90.94	556	0.00045
689158	1	492.50	91.00	555	0.00045
689714	1	492.50	91.06	556	0.00000
690269	1	492.50	91.12	555	0.00000
690825	1	492.50	91.19	556	0.00000
691381	1	492.50	91.25	556	0.00000
691936	1	492.75	91.37	555	0.00045
692492	1	492.50	91.37	556	-0.00045
693048	1	493.00	91.50	556	0.00090
693604	1	493.25	91.50	556	0.00045
694160	1	493.50	91.56	556	0.00045
694716	1	493.50	91.62	556	0.00000
695271	1	493.25	91.75	555	-0.00045
695827	1	493.50	91.81	556	0.00045
696383	1	493.75	91.87	556	0.00045
696939	1	494.00	91.94	556	0.00045
697495	1	493.75	92.00	556	-0.00045
698051	1	494.00	92.06	556	0.00045
698607	1	494.00	92.12	556	0.00000
699164	1	494.25	92.25	557	0.00045
699720	1	494.25	92.31	556	0.00000
700276	1	494.25	92.37	556	0.00000
700832	1	494.25	92.44	556	0.00000
701388	1	494.25	92.50	556	0.00000
701945	1	494.50	92.56	557	0.00045
702501	1	494.50	92.69	556	0.00000
703057	1	494.75	92.69	556	0.00045
703614	1	494.25	92.81	557	-0.00090
704171	1	494.75	92.87	557	0.00090
704728	1	495.00	93.00	557	0.00045
705284	1	495.00	93.12	556	0.00000
705841	1	495.00	93.12	557	0.00000
706397	1	495.00	93.25	556	0.00000
706954	1	495.25	93.31	557	0.00045
707511	1	495.25	93.37	557	0.00000
708067	1	495.50	93.44	556	0.00045
708624	1	495.25	93.56	557	-0.00045
709181	1	495.00	93.62	557	-0.00045
709738	1	495.75	93.75	557	0.00135
710294	1	495.25	93.81	556	-0.00090
710851	1	496.00	93.94	557	0.00135
711408	1	495.50	94.00	557	-0.00090
711965	1	496.00	94.06	557	0.00090
712522	1	496.25	94.19	557	0.00045
713079	1	496.00	94.25	557	-0.00045
713637	1	496.50	94.31	558	0.00090
714194	1	496.25	94.37	557	-0.00045
714752	1	496.25	94.50	558	0.00000
715309	1	496.00	94.56	557	-0.00045
715866	1	496.50	94.69	557	0.00090
716424	1	496.75	94.81	558	0.00045
716981	1	496.50	94.87	557	-0.00045
717539	1	497.00	94.94	558	0.00090
718096	1	497.00	95.00	557	0.00000
718653	1	497.00	95.00	557	0.00000
719211	1	497.00	95.06	558	0.00000
719768	1	496.75	95.12	557	-0.00045
720326	1	497.00	95.19	558	0.00045
720883	1	497.75	95.25	557	0.00135
721441	1	497.75	95.31	558	0.00000
721999	1	497.25	95.44	558	-0.00090
722556	1	497.50	95.56	557	0.00045
723115	1	497.50	95.62	559	0.00000
723673	1	497.75	95.69	558	0.00045
724230	1	498.00	95.75	557	0.00045
724788	1	497.75	95.87	558	-0.00045
725346	1	498.25	95.94	558	0.00090
725904	1	498.00	96.06	558	-0.00045
726462	1	498.00	96.12	558	0.00000
727020	1	498.00	96.25	558	0.00000
727578	1	498.50	96.31	558	0.00090
728136	1	498.25	96.37	558	-0.00045
728694	1	498.25	96.50	558	0.00000
729252	1	498.50	96.56	558	0.00045
729810	1	498.75	96.62	558	0.00045
730369	1	499.25	96.69	559	0.00089
730927	1	498.50	96.81	558	-0.00134
731486	1	498.50	96.87	559	0.00000
732044	1	498.75	96.94	558	0.00045
732602	1	499.00	97.06	558	0.00045
733161	1	499.00	97.12	559	0.00000
733719	1	499.25	97.19	558	0.00045
734277	1	499.00	97.25	558	-0.00045
734836	1	499.50	97.31	559	0.00089
735395	1	499.75	97.37	559	0.00045
735953	1	499.50	97.50	558	-0.00045
736513	1	499.50	97.56	560	0.00000
737071	1	499.50	97.62	558	0.00000
737630	1	500.00	97.69	559	0.00089
738189	1	499.75	97.81	559	-0.00045
738748	1	499.50	97.87	559	-0.00045
739307	1	500.00	97.94	559	0.00089
739865	1	499.75	98.00	558	-0.00045
740424	1	499.50	98.06	559	-0.00045
740983	1	500.00	98.12	559	0.00089
741542	1	500.25	98.19	559	0.00045
742102	1	500.50	98.25	560	0.00045
742661	1	500.50	98.31	559	0.00000
743220	1	500.75	98.37	559	0.00045
743779	1	500.50	98.44	559	-0.00045
744338	1	501.00	98.50	559	0.00089
744898	1	501.00	98.56	560	0.00000
745457	1	501.00	98.56	559	0.00000
746016	1	500.75	98.62	559	-0.00045
746575	1	500.50	98.69	559	-0.00045
747134	1	501.25	98.75	559	0.00134
747694	1	501.25	98.75	560	0.00000
748254	1	501.00	98.81	560	-0.00045
748813	1	501.25	98.87	559	0.00045
749372	1	501.00	98.94	559	-0.00045
749932	1	501.00	98.94	560	0.00000
750491	1	501.50	99.00	559	0.00089
751050	1	501.50	99.06	559	0.00000
751609	1	501.75	99.12	559	0.00045
752169	1	501.75	99.12	560	0.00000
752729	1	501.75	99.19	560	0.00000
753289	1	501.75	99.19	560	0.00000
753848	1	502.00	99.25	559	0.00045
754407	1	502.00	99.25	559	0.00000
754967	1	502.00	99.31	560	0.00000
755526	1	502.25	99.31	559	0.00045
756086	1	502.25	99.37	560	0.00000
756645	1	502.00	99.37	559	-0.00045
757206	1	502.50	99.44	561	0.00089
757765	1	502.50	99.44	559	0.00000
758325	1	502.50	99.50	560	0.00000
758884	1	502.75	99.50	559	0.00045
759444	1	502.75	99.50	560	0.00000
760004	1	502.75	99.56	560	0.00000
760563	1	503.00	99.56	559	0.00045
761123	1	502.75	99.56	560	-0.00045
761682	1	503.00	99.56	559	0.00045
762243	1	503.00	99.56	561	0.00000
762803	1	503.00	99.62	560	0.00000
763362	1	503.00	99.62	559	0.00000
763922	1	503.00	99.62	560	0.00000
764481	1	502.75	99.69	559	-0.00045
765041	1	503.25	99.69	560	0.00089
765601	1	503.25	99.69	560	0.00000
766160	1	503.25	99.69	559	0.00000
766721	1	503.50	99.75	561	0.00045
767281	1	503.50	99.75	560	0.00000
767840	1	503.50	99.75	559	0.00000
768400	1	503.50	99.75	560	0.00000
768959	1	503.75	99.75	559	0.00045
769519	1	503.25	99.75	560	-0.00089
770079	1	503.75	99.75	560	0.00089
770639	1	503.75	99.75	560	0.00000
771198	1	504.00	99.75	559	0.00045
771759	1	504.00	99.81	561	0.00000
772318	1	504.25	99.81	559	0.00045
772878	1	504.25	99.81	560	0.00000
773438	1	504.25	99.81	560	0.00000
773997	1	504.25	99.81	559	0.00000
774557	1	504.25	99.81	560	0.00000
775117	1	504.50	99.81	560	0.00045
775676	1	504.75	99.81	559	0.00045
776237	1	504.50	99.81	561	-0.00045
776797	1	504.50	99.81	560	0.00000
777357	1	504.75	99.81	560	0.00045
777916	1	504.75	99.81	559	0.00000
778476	1	504.75	99.81	560	0.00000
779036	1	504.75	99.81	560	0.00000
779595	1	504.75	99.87	559	0.00000
780155	1	505.00	99.87	560	0.00045
780716	1	505.25	99.87	561	0.00045
781275	1	505.25	99.87	559	0.00000
781835	1	505.25	99.87	560	0.00000
782395	1	505.25	99.87	560	0.00000
782954	1	505.50	99.94	559	0.00045
783514	1	505.50	99.87	560	0.00000
784074	1	505.50	99.87	560	0.00000
784633	1	505.25	99.94	559	-0.00045
785193	1	505.50	99.94	560	0.00045
785754	1	505.75	99.94	561	0.00045
786314	1	505.75	99.94	560	0.00000
786874	1	505.75	99.94	560	0.00000
787433	1	506.00	99.94	559	0.00045
787993	1	506.25	99.94	560	0.00045
788553	1	505.75	99.94	560	-0.00089
789113	1	505.75	100.00	560	0.00000
789673	1	506.00	99.94	560	0.00045
790233	1	506.00	99.94	560	0.00000
790793	1	506.00	99.94	560	0.00000
791353	1	506.25	99.94	560	0.00045
791912	1	506.25	99.94	559	0.00000
792472	1	506.00	99.94	560	-0.00045
793032	1	506.50	99.94	560	0.00089
793592	1	506.25	99.94	560	-0.00045
794151	1	506.50	99.94	559	0.00045
794712	1	506.75	99.94	561	0.00045
795272	1	506.50	99.94	560	-0.00045
795832	1	506.75	99.94	560	0.00045
796392	1	507.00	99.94	560	0.00045
796951	1	506.75	99.94	559	-0.00045
797511	1	506.75	99.94	560	0.00000
798071	1	507.00	99.94	560	0.00045
798631	1	507.25	99.94	560	0.00045
799191	1	506.75	99.94	560	-0.00089
799751	1	506.50	99.94	560	-0.00045
800311	1	507.25	99.94	560	0.00134
800871	1	507.25	99.94	560	0.00000
801430	1	507.50	99.94	559	0.00045
801990	1	507.25	99.94	560	-0.00045
802550	1	507.25	99.94	560	0.00000
803109	1	507.25	99.94	559	0.00000
803670	1	507.50	99.94	561	0.00045
804230	1	507.50	99.94	560	0.00000
804789	1	507.50	99.94	559	0.00000
805349	1	507.50	99.94	560	0.00000
805909	1	507.75	99.94	560	0.00045
806468	1	507.50	99.94	559	-0.00045
807028	1	507.50	99.94	560	0.00000
807588	1	508.00	99.94	560	0.00089
808148	1	507.75	99.94	560	-0.00045
808708	1	508.00	99.94	560	0.00045
809268	1	508.25	99.94	560	0.00045
809828	1	508.25	99.94	560	0.00000
810388	1	508.25	99.94	560	0.00000
810947	1	508.25	99.94	559	0.00000
811507	1	507.75	99.94	560	-0.00089
812067	1	508.50	99.94	560	0.00134
812627	1	508.00	99.94	560	-0.00089
813187	1	508.50	99.94	560	0.00089
813747	1	508.00	99.94	560	-0.00089
814307	1	508.50	99.94	560	0.00089
814867	1	508.25	99.94	560	-0.00045
815426	1	508.25	99.94	559	0.00000
815986	1	508.50	99.94	560	0.00045
816546	1	508.75	99.94	560	0.00045
817106	1	508.75	99.94	560	0.00000
817666	1	508.50	99.94	560	-0.00045
818226	1	508.75	99.94	560	0.00045
818786	1	509.00	99.94	560	0.00045
819346	1	509.25	99.94	560	0.00045
819905	1	508.75	99.94	559	-0.00089
820465	1	509.25	99.94	560	0.00089
821025	1	509.25	99.94	560	0.00000
821585	1	509.25	99.94	560	0.00000
822145	1	509.00	99.94	560	-0.00045
822705	1	509.25	99.94	560	0.00045
823265	1	509.50	99.94	560	0.00045
823825	1	509.25	99.94	560	-0.00045
824384	1	509.75	99.94	559	0.00089
824944	1	509.25	99.94	560	-0.00089
825504	1	509.50	99.94	560	0.00045
826064	1	509.25	99.94	560	-0.00045
826624	1	509.50	99.94	560	0.00045
827184	1	510.00	99.94	560	0.00089
827744	1	509.75	99.94	560	-0.00045
828304	1	509.50	99.94	560	-0.00045
828863	1	509.75	99.94	559	0.00045
829423	1	510.00	99.94	560	0.00045
829983	1	509.75	99.94	560	-0.00045
830543	1	510.00	99.94	560	0.00045
831102	1	509.75	99.94	559	-0.00045
831663	1	509.75	99.94	561	0.00000
832223	1	510.25	99.94	560	0.00089
832783	1	509.75	99.94	560	-0.00089
833342	1	510.25	99.94	559	0.00089
833902	1	510.25	99.94	560	0.00000
834462	1	510.50	99.94	560	0.00045
835021	1	510.75	99.94	559	0.00045
835581	1	510.25	99.94	560	-0.00089
836142	1	510.25	99.94	561	0.00000
836702	1	510.75	99.94	560	0.00089
837261	1	510.75	99.94	559	0.00000
837821	1	510.75	99.94	560	0.00000
838381	1	511.00	99.94	560	0.00045
838940	1	510.75	99.94	559	-0.00045
839500	1	510.50	99.94	560	-0.00045
840060	1	511.00	99.94	560	0.00089
840620	1	510.75	99.94	560	-0.00045
841180	1	510.75	99.94	560	0.00000
841740	1	511.25	99.94	560	0.00089
842299	1	511.00	99.94	559	-0.00045
842859	1	511.00	99.94	560	0.00000
843419	1	511.25	99.94	560	0.00045
843979	1	511.25	99.94	560	0.00000
844538	1	511.00	99.94	559	-0.00045
845099	1	511.25	99.94	561	0.00045
845659	1	511.50	99.94	560	0.00045
846218	1	511.00	99.94	559	-0.00089
846778	1	511.75	99.94	560	0.00134
847338	1	511.50	99.94	560	-0.00045
847897	1	511.75	99.94	559	0.00045
848457	1	511.75	99.94	560	0.00000
849017	1	511.75	99.94	560	0.00000
849576	1	512.00	99.94	559	0.00045
850137	1	511.75	99.94	561	-0.00045
850697	1	511.75	99.94	560	0.00000
851256	1	512.00	99.94	559	0.00045
851816	1	512.25	99.94	560	0.00045
852376	1	512.00	99.94	560	-0.00045
852935	1	512.25	99.94	559	0.00045
853495	1	512.00	99.94	560	-0.00045
854055	1	512.25	99.94	560	0.00045
854616	1	512.25	99.94	561	0.00000
855175	1	512.00	99.94	559	-0.00045
855735	1	511.75	99.94	560	-0.00045
856295	1	512.25	99.94	560	0.00089
856854	1	511.75	99.94	559	-0.00089
857414	1	512.00	99.94	560	0.00045
857974	1	512.25	99.94	560	0.00045
858534	1	512.25	99.94	560	0.00000
859094	1	512.50	99.94	560	0.00045
859654	1	512.50	99.94	560	0.00000
860214	1	512.50	99.94	560	0.00000
860773	1	512.25	99.94	559	-0.00045
861333	1	512.75	99.94	560	0.00089
861893	1	512.75	99.94	560	0.00000
862453	1	512.50	99.94	560	-0.00045
863012	1	512.50	99.94	559	0.00000
863572	1	512.50	99.94	560	0.00000
864133	1	512.75	99.94	561	0.00045
864692	1	512.75	99.94	559	0.00000
865252	1	512.75	99.94	560	0.00000
865812	1	512.75	99.94	560	0.00000
866371	1	512.75	99.94	559	0.00000
866931	1	512.75	99.94	560	0.00000
867491	1	513.25	99.94	560	0.00089
868050	1	512.75	99.94	559	-0.00089
868611	1	513.00	99.94	561	0.00045
869171	1	513.00	99.94	560	0.00000
869731	1	513.25	99.94	560	0.00045
870290	1	513.50	99.94	559	0.00045
870850	1	513.00	99.94	560	-0.00089
871410	1	513.50	99.94	560	0.00089
871970	1	513.25	99.94	560	-0.00045
872529	1	513.50	99.94	559	0.00045
873090	1	513.25	99.94	561	-0.00045
873650	1	513.50	99.94	560	0.00045
874210	1	513.75	99.94	560	0.00045
874769	1	513.75	99.94	559	0.00000
875329	1	513.75	99.94	560	0.00000
875889	1	513.75	99.94	560	0.00000
876449	1	513.75	99.94	560	0.00000
877008	1	513.50	99.94	559	-0.00045
877569	1	514.00	99.94	561	0.00089
878129	1	513.75	99.94	560	-0.00045
878688	1	514.00	99.94	559	0.00045
879248	1	514.00	99.94	560	0.00000
879808	1	514.00	99.94	560	0.00000
880368	1	513.75	99.94	560	-0.00045
880927	1	514.25	99.94	559	0.00089
881487	1	514.25	99.94	560	0.00000
882048	1	514.25	99.94	561	0.00000
882608	1	514.00	99.94	560	-0.00045
883167	1	514.50	99.94	559	0.00089
883727	1	514.50	99.94	560	0.00000
884287	1	514.25	99.94	560	-0.00045
884847	1	514.00	99.94	560	-0.00045
885406	1	514.25	99.94	559	0.00045
885966	1	514.25	99.94	560	0.00000
886526	1	514.50	99.94	560	0.00045
887087	1	514.50	99.94	561	0.00000
887646	1	514.75	99.94	559	0.00045
888206	1	514.25	99.94	560	-0.00089
888766	1	514.50	99.94	560	0.00045
889326	1	514.75	99.94	560	0.00045
889885	1	514.50	99.94	559	-0.00045
890445	1	514.75	99.94	560	0.00045
891005	1	514.75	99.94	560	0.00000
891566	1	514.50	99.94	561	-0.00045
892125	1	514.75	99.94	559	0.00045
892685	1	514.75	99.94	560	0.00000
893245	1	515.00	99.94	560	0.00045
893805	1	514.75	99.94	560	-0.00045
894364	1	515.00	99.94	559	0.00045
894924	1	514.75	99.94	560	-0.00045
895484	1	515.00	99.94	560	0.00045
896045	1	515.00	99.94	561	0.00000
896604	1	515.00	99.94	559	0.00000
897164	1	515.00	99.94	560	0.00000
897724	1	515.00	99.94	560	0.00000
898283	1	515.00	99.94	559	0.00000
898843	1	515.50	99.94	560	0.00089
899403	1	515.25	99.94	560	-0.00045
899963	1	515.25	99.94	560	0.00000
900523	1	514.75	99.94	560	-0.00089
901083	1	515.00	99.94	560	0.00045
901643	1	515.25	99.94	560	0.00045
902203	1	515.50	99.94	560	0.00045
902762	1	515.50	99.94	559	0.00000
903322	1	515.25	99.94	560	-0.00045
903882	1	515.50	99.94	560	0.00045
904442	1	515.50	99.94	560	0.00000
905001	1	515.75	99.94	559	0.00045
905562	1	515.75	99.94	561	0.00000
906122	1	515.00	99.94	560	-0.00134
906681	1	515.50	99.94	559	0.00089
907241	1	515.75	99.94	560	0.00045
907801	1	515.75	99.94	560	0.00000
908361	1	515.50	99.94	560	-0.00045
908920	1	516.00	99.94	559	0.00089
909480	1	515.50	99.94	560	-0.00089
910041	1	515.25	99.94	561	-0.00045
910600	1	515.75	99.94	559	0.00089
911160	1	516.00	99.94	560	0.00045
911720	1	516.00	99.94	560	0.00000
912279	1	516.00	99.94	559	0.00000
912839	1	516.25	99.94	560	0.00045
913399	1	516.25	99.94	560	0.00000
913958	1	516.25	99.94	559	0.00000
914519	1	516.00	99.94	561	-0.00045
915079	1	516.00	99.94	560	0.00000
915638	1	516.25	99.94	559	0.00045
916198	1	516.25	99.94	560	0.00000
916758	1	515.75	99.94	560	-0.00089
917318	1	516.25	99.94	560	0.00089
917877	1	516.50	99.94	559	0.00045
918437	1	516.25	99.94	560	-0.00045
918998	1	516.00	99.94	561	-0.00045
919557	1	516.25	99.94	559	0.00045
920117	1	516.50	99.94	560	0.00045
920677	1	516.50	99.94	560	0.00000
921236	1	516.25	99.94	559	-0.00045
921796	1	516.75	99.94	560	0.00089
922356	1	516.25	99.94	560	-0.00089
922916	1	516.75	99.94	560	0.00089
923475	1	516.25	99.94	559	-0.00089
924036	1	516.50	99.94	561	0.00045
924596	1	517.00	99.94	560	0.00089
925155	1	516.75	99.94	559	-0.00045
925715	1	516.50	99.94	560	-0.00045
926275	1	516.75	99.94	560	0.00045
926834	1	516.75	99.94	559	0.00000
927394	1	516.75	99.94	560	0.00000
927954	1	517.00	99.94	560	0.00045
928514	1	516.75	99.94	560	-0.00045
929074	1	517.00	99.94	560	0.00045
929634	1	517.00	99.94	560	0.00000
930194	1	516.75	99.94	560	-0.00045
930753	1	517.25	99.94	559	0.00089
931313	1	516.75	99.94	560	-0.00089
931873	1	517.25	99.94	560	0.00089
932433	1	517.50	99.94	560	0.00045
932993	1	516.75	99.94	560	-0.00134
933553	1	516.75	99.94	560	0.00000
934113	1	517.25	99.94	560	0.00089
934672	1	516.50	99.94	559	-0.00134
935232	1	517.50	99.94	560	0.00179
935792	1	517.25	99.94	560	-0.00045
936352	1	517.25	99.94	560	0.00000
936911	1	517.50	99.94	559	0.00045
937472	1	517.25	99.94	561	-0.00045
938032	1	517.50	99.94	560	0.00045
938592	1	517.50	99.94	560	0.00000
939151	1	517.25	99.94	559	-0.00045
939711	1	517.75	99.94	560	0.00089
940271	1	517.25	99.94	560	-0.00089
940831	1	517.75	99.94	560	0.00089
941390	1	518.00	99.94	559	0.00045
941950	1	517.50	99.94	560	-0.00089
942511	1	517.50	99.94	561	0.00000
943071	1	518.00	99.94	560	0.00089
943630	1	517.50	99.94	559	-0.00089
944190	1	517.75	99.94	560	0.00045
944750	1	517.25	99.94	560	-0.00089
945310	1	517.50	99.94	560	0.00045
945869	1	517.75	99.87	559	0.00045
946429	1	517.75	99.94	560	0.00000
946990	1	518.00	99.94	561	0.00045
947550	1	517.75	100.00	560	-0.00045
948109	1	518.25	100.00	559	0.00089
948669	1	518.00	100.00	560	-0.00045
949229	1	517.75	100.00	560	-0.00045
949789	1	517.50	100.06	560	-0.00045
950349	1	518.00	100.06	560	0.00089
950909	1	517.50	100.00	560	-0.00089
951469	1	517.75	100.06	560	0.00045
952029	1	518.00	100.06	560	0.00045
952589	1	518.00	100.06	560	0.00000
953149	1	518.25	100.06	560	0.00045
953709	1	518.25	100.06	560	0.00000
954269	1	517.75	100.06	560	-0.00089
954829	1	518.50	100.12	560	0.00134
955388	1	518.50	100.12	559	0.00000
955949	1	518.00	100.12	561	-0.00089
956509	1	518.25	100.12	560	0.00045
957069	1	518.50	100.12	560	0.00045
957629	1	518.25	100.12	560	-0.00045
958189	1	518.25	100.12	560	0.00000
958749	1	518.25	100.12	560	0.00000
959308	1	518.50	100.12	559	0.00045
959868	1	518.50	100.12	560	0.00000
960429	1	518.75	100.12	561	0.00045
960989	1	518.25	100.12	560	-0.00089
961549	1	518.75	100.12	560	0.00089
962109	1	518.50	100.12	560	-0.00045
962669	1	518.75	100.12	560	0.00045
963229	1	518.75	100.12	560	0.00000
963788	1	518.25	100.12	559	-0.00089
964348	1	518.00	100.12	560	-0.00045
964909	1	518.25	100.12	561	0.00045
965469	1	518.75	100.12	560	0.00089
966029	1	519.00	100.12	560	0.00045
966589	1	518.75	100.19	560	-0.00045
967149	1	518.25	100.12	560	-0.00089
967708	1	518.75	100.12	559	0.00089
968268	1	518.50	100.12	560	-0.00045
968828	1	519.00	100.19	560	0.00089
969389	1	519.00	100.19	561	0.00000
969949	1	518.75	100.19	560	-0.00045
970509	1	518.75	100.19	560	0.00000
971068	1	519.00	100.19	559	0.00045
971628	1	519.00	100.19	560	0.00000
972188	1	519.25	100.19	560	0.00045
972748	1	519.00	100.19	560	-0.00045
973308	1	519.00	100.19	560	0.00000
973869	1	519.25	100.19	561	0.00045
974429	1	518.75	100.19	560	-0.00089
974988	1	519.00	100.19	559	0.00045
975548	1	519.25	100.19	560	0.00045
976108	1	519.00	100.19	560	-0.00045
976668	1	519.25	100.19	560	0.00045
977228	1	519.00	100.19	560	-0.00045
977788	1	519.50	100.12	560	0.00089
978349	1	519.00	100.19	561	-0.00089
978909	1	518.75	100.19	560	-0.00045
979468	1	519.25	100.19	559	0.00089
980028	1	519.00	100.12	560	-0.00045
980588	1	519.50	100.12	560	0.00089
981148	1	519.25	100.19	560	-0.00045
981708	1	519.50	100.19	560	0.00045
982268	1	519.50	100.19	560	0.00000
982829	1	519.50	100.19	561	0.00000
983388	1	519.75	100.12	559	0.00045
983948	1	519.50	100.19	560	-0.00045
984508	1	519.50	100.12	560	0.00000
985068	1	519.25	100.12	560	-0.00045
985628	1	519.75	100.12	560	0.00089
986188	1	519.75	100.12	560	0.00000
986748	1	519.00	100.12	560	-0.00134
987308	1	519.25	100.19	560	0.00045
987868	1	519.75	100.19	560	0.00089
988428	1	519.50	100.19	560	-0.00045
988988	1	519.75	100.12	560	0.00045
989548	1	519.75	100.19	560	0.00000
990108	1	519.75	100.19	560	0.00000
990668	1	519.75	100.19	560	0.00000
991227	1	519.75	100.19	559	0.00000
991788	1	520.00	100.19	561	0.00045
992348	1	519.75	100.19	560	-0.00045
992908	1	519.75	100.19	560	0.00000
993468	1	520.00	100.19	560	0.00045
994028	1	519.75	100.19	560	-0.00045
994587	1	519.75	100.19	559	0.00000
995147	1	520.25	100.19	560	0.00089
995707	1	520.00	100.19	560	-0.00045
996268	1	519.50	100.19	561	-0.00089
996828	1	520.00	100.19	560	0.00089
997387	1	519.75	100.19	559	-0.00045
997947	1	520.00	100.12	560	0.00045
998507	1	520.00	100.19	560	0.00000
999067	1	520.25	100.19	560	0.00045
999627	1	520.25	100.12	560	0.00000
1000186	1	520.00	100.19	559	-0.00045
1000747	1	520.25	100.12	561	0.00045
1001307	1	520.25	100.19	560	0.00000
1001867	1	520.25	100.19	560	0.00000
1002427	1	519.75	100.19	560	-0.00089
1002987	1	520.25	100.12	560	0.00089
1003547	1	520.50	100.19	560	0.00045
1004106	1	520.00	100.19	559	-0.00089
1004666	1	520.50	100.19	560	0.00089
1005227	1	520.50	100.19	561	0.00000
1005787	1	520.00	100.19	560	-0.00089
1006347	1	520.25	100.12	560	0.00045
1006907	1	520.50	100.12	560	0.00045
1007467	1	520.00	100.19	560	-0.00089
1008027	1	520.25	100.12	560	0.00045
1008587	1	520.50	100.12	560	0.00045
1009147	1	520.25	100.12	560	-0.00045
1009707	1	520.25	100.12	560	0.00000
1010267	1	520.75	100.19	560	0.00089
1010827	1	520.50	100.19	560	-0.00045
1011387	1	520.50	100.19	560	0.00000
1011947	1	520.75	100.12	560	0.00045
1012507	1	520.75	100.19	560	0.00000
1013067	1	520.50	100.19	560	-0.00045
1013627	1	520.75	100.19	560	0.00045
1014187	1	520.50	100.12	560	-0.00045
1014747	1	520.50	100.12	560	0.00000
1015307	1	520.50	100.19	560	0.00000
1015867	1	520.50	100.12	560	0.00000
1016427	1	521.00	100.19	560	0.00089
1016987	1	520.50	100.19	560	-0.00089
1017547	1	520.75	100.12	560	0.00045
1018107	1	520.75	100.19	560	0.00000
1018668	1	520.50	100.19	561	-0.00045
1019228	1	520.50	100.19	560	0.00000
1019787	1	520.75	100.12	559	0.00045
1020347	1	521.00	100.19	560	0.00045
1020907	1	520.75	100.19	560	-0.00045
1021467	1	520.75	100.12	560	0.00000
1022027	1	520.50	100.12	560	-0.00045
1022587	1	521.00	100.19	560	0.00089
1023148	1	521.25	100.12	561	0.00045
1023708	1	521.00	100.19	560	-0.00045
1024268	1	521.00	100.19	560	0.00000
1024827	1	521.25	100.19	559	0.00045
1025387	1	521.25	100.19	560	0.00000
1025947	1	521.00	100.19	560	-0.00045
1026507	1	521.00	100.19	560	0.00000
1027067	1	521.50	100.19	560	0.00089
1027628	1	520.50	100.19	561	-0.00178
1028188	1	521.00	100.19	560	0.00089
1028748	1	521.25	100.19	560	0.00045
1029308	1	520.75	100.19	560	-0.00089
1029868	1	520.75	100.12	560	0.00000
1030427	1	521.25	100.19	559	0.00089
1030987	1	520.75	100.19	560	-0.00089
1031547	1	521.25	100.19	560	0.00089
1032108	1	521.00	100.19	561	-0.00045
1032668	1	521.00	100.19	560	0.00000
1033228	1	521.00	100.19	560	0.00000
1033788	1	520.50	100.19	560	-0.00089
1034347	1	521.25	100.19	559	0.00134
1034907	1	521.50	100.19	560	0.00045
1035467	1	521.25	100.19	560	-0.00045
1036027	1	521.50	100.19	560	0.00045
1036588	1	521.50	100.19	561	0.00000
1037148	1	521.50	100.12	560	0.00000
1037708	1	521.50	100.12	560	0.00000
1038268	1	521.25	100.19	560	-0.00045
1038828	1	521.50	100.12	560	0.00045
1039388	1	521.50	100.19	560	0.00000
1039947	1	521.00	100.19	559	-0.00089
1040507	1	521.50	100.19	560	0.00089
1041068	1	521.25	100.19	561	-0.00045
1041628	1	521.50	100.19	560	0.00045
1042188	1	521.50	100.12	560	0.00000
1042748	1	521.25	100.12	560	-0.00045
1043308	1	521.50	100.12	560	0.00045
1043868	1	521.75	100.12	560	0.00045
1044428	1	521.75	100.12	560	0.00000
1044988	1	521.75	100.12	560	0.00000
1045548	1	521.75	100.19	560	0.00000
1046108	1	521.50	100.19	560	-0.00045
1046668	1	521.75	100.12	560	0.00045
1047228	1	521.75	100.19	560	0.00000
1047788	1	521.75	100.19	560	0.00000
1048348	1	521.50	100.19	560	-0.00045
1048908	1	521.75	100.19	560	0.00045
1049468	1	521.50	100.19	560	-0.00045
1050029	1	521.50	100.19	561	0.00000
1050589	1	521.75	100.19	560	0.00045
1051148	1	521.75	100.19	559	0.00000
1051708	1	521.75	100.19	560	0.00000
1052268	1	522.00	100.19	560	0.00045
1052828	1	521.75	100.19	560	-0.00045
1053388	1	522.00	100.19	560	0.00045
1053948	1	522.00	100.19	560	0.00000
1054509	1	521.75	100.19	561	-0.00045
1055068	1	522.00	100.19	559	0.00045
1055628	1	521.75	100.19	560	-0.00045
1056188	1	522.25	100.19	560	0.00089
1056748	1	522.00	100.19	560	-0.00045
1057308	1	521.75	100.19	560	-0.00045
1057868	1	522.00	100.19	560	0.00045
1058428	1	522.00	100.19	560	0.00000
1058989	1	521.50	100.19	561	-0.00089
1059549	1	521.75	100.19	560	0.00045
1060109	1	522.00	100.19	560	0.00045
1060669	1	521.50	100.19	560	-0.00089
1061229	1	522.00	100.12	560	0.00089
1061788	1	521.75	100.19	559	-0.00045
1062348	1	522.00	100.19	560	0.00045
1062908	1	522.25	100.19	560	0.00045
1063469	1	521.75	100.19	561	-0.00089
1064029	1	521.25	100.19	560	-0.00089
1064589	1	522.25	100.19	560	0.00179
1065149	1	522.25	100.19	560	0.00000
1065709	1	522.25	100.19	560	0.00000
1066268	1	521.50	100.19	559	-0.00134
1066828	1	521.75	100.19	560	0.00045
1067388	1	522.50	100.19	560	0.00134
1067949	1	522.25	100.19	561	-0.00045
1068509	1	522.25	100.19	560	0.00000
1069069	1	522.25	100.12	560	0.00000
1069629	1	522.75	100.19	560	0.00089
1070189	1	522.25	100.12	560	-0.00089
1070749	1	522.25	100.12	560	0.00000
1071309	1	522.50	100.12	560	0.00045
1071869	1	522.50	100.12	560	0.00000
1072429	1	522.50	100.12	560	0.00000
1072989	1	522.50	100.12	560	0.00000
1073549	1	522.50	100.12	560	0.00000
1074109	1	522.50	100.12	560	0.00000
1074669	1	522.50	100.12	560	0.00000
1075229	1	522.50	100.12	560	0.00000
1075789	1	522.50	100.19	560	0.00000
1076349	1	522.50	100.12	560	0.00000
1076909	1	522.50	100.12	560	0.00000
1077469	1	522.50	100.12	560	0.00000
1078029	1	522.50	100.12	560	0.00000
1078589	1	522.25	100.12	560	-0.00045
1079149	1	522.50	100.12	560	0.00045
1079709	1	522.50	100.12	560	0.00000
1080269	1	522.50	100.12	560	0.00000
1080829	1	522.75	100.12	560	0.00045
1081389	1	522.75	100.12	560	0.00000
1081949	1	522.75	100.12	560	0.00000
1082509	1	522.75	100.19	560	0.00000
1083069	1	522.75	100.12	560	0.00000
1083629	1	522.75	100.12	560	0.00000
1084189	1	523.00	100.12	560	0.00045
1084749	1	522.75	100.12	560	-0.00045
1085309	1	522.75	100.12	560	0.00000
1085870	1	522.75	100.12	561	0.00000
1086430	1	523.00	100.12	560	0.00045
1086989	1	522.75	100.12	559	-0.00045
1087549	1	522.75	100.19	560	0.00000
1088109	1	522.50	100.19	560	-0.00045
1088669	1	522.75	100.12	560	0.00045
1089229	1	522.75	100.19	560	0.00000
1089789	1	522.75	100.19	560	0.00000
1090350	1	522.75	100.19	561	0.00000
1090909	1	522.50	100.19	559	-0.00045
1091469	1	522.75	100.19	560	0.00045
1092029	1	523.00	100.19	560	0.00045
1092589	1	522.75	100.19	560	-0.00045
1093149	1	523.00	100.19	560	0.00045
1093709	1	523.00	100.19	560	0.00000
1094269	1	522.75	100.19	560	-0.00045
1094830	1	523.00	100.19	561	0.00045
1095390	1	523.00	100.19	560	0.00000
1095949	1	522.75	100.19	559	-0.00045
1096509	1	522.75	100.19	560	0.00000
1097069	1	523.00	100.19	560	0.00045
1097629	1	522.75	100.19	560	-0.00045
1098189	1	523.25	100.19	560	0.00089
1098749	1	523.00	100.19	560	-0.00045
1099310	1	523.00	100.12	561	0.00000
1099870	1	523.25	100.19	560	0.00045
1100430	1	523.00	100.19	560	-0.00045
1100990	1	523.25	100.19	560	0.00045
1101550	1	523.00	100.19	560	-0.00045
1102110	1	523.00	100.19	560	0.00000
1102669	1	522.75	100.19	559	-0.00045
1103229	1	523.25	100.19	560	0.00089
1103790	1	523.25	100.19	561	0.00000
1104350	1	523.25	100.19	560	0.00000
1104910	1	523.00	100.19	560	-0.00045
1105470	1	523.00	100.19	560	0.00000
1106030	1	523.25	100.19	560	0.00045
1106590	1	523.25	100.19	560	0.00000
1107149	1	523.50	100.19	559	0.00045
1107709	1	523.25	100.25	560	-0.00045
1108270	1	523.00	100.19	561	-0.00045
1108830	1	523.00	100.19	560	0.00000
1109390	1	523.25	100.19	560	0.00045
1109950	1	523.25	100.19	560	0.00000
1110510	1	523.25	100.19	560	0.00000
1111070	1	523.00	100.19	560	-0.00045
1111630	1	523.25	100.19	560	0.00045
1112190	1	523.25	100.19	560	0.00000
1112751	1	523.50	100.19	561	0.00045
1113310	1	523.75	100.19	559	0.00045
1113870	1	523.50	100.19	560	-0.00045
1114430	1	523.25	100.19	560	-0.00045
1114990	1	523.50	100.19	560	0.00045
1115550	1	523.75	100.19	560	0.00045
1116110	1	523.50	100.19	560	-0.00045
1116670	1	523.25	100.19	560	-0.00045
1117231	1	523.50	100.19	561	0.00045
1117791	1	523.50	100.19	560	0.00000
1118351	1	523.50	100.19	560	0.00000
1118910	1	523.50	100.19	559	0.00000
1119470	1	523.50	100.19	560	0.00000
1120030	1	523.25	100.19	560	-0.00045
1120590	1	523.50	100.19	560	0.00045
1121150	1	523.50	100.19	560	0.00000
1121711	1	523.75	100.12	561	0.00045
1122270	1	523.75	100.12	559	0.00000
1122830	1	523.25	100.19	560	-0.00089
1123390	1	523.75	100.19	560	0.00089
1123950	1	523.50	100.12	560	-0.00045
1124510	1	523.75	100.19	560	0.00045
1125070	1	523.50	100.19	560	-0.00045
1125630	1	523.50	100.12	560	0.00000
1126191	1	523.75	100.19	561	0.00045
1126751	1	524.00	100.19	560	0.00045
1127311	1	523.50	100.19	560	-0.00089
1127870	1	523.75	100.19	559	0.00045
1128430	1	523.50	100.19	560	-0.00045
1128990	1	524.00	100.19	560	0.00089
1129550	1	523.75	100.19	560	-0.00045
1130110	1	523.75	100.19	560	0.00000
1130671	1	523.75	100.19	561	0.00000
1131231	1	523.50	100.19	560	-0.00045
1131791	1	523.75	100.19	560	0.00045
1132351	1	523.75	100.19	560	0.00000
1132911	1	523.75	100.19	560	0.00000
1133470	1	524.25	100.19	559	0.00089
1134030	1	524.00	100.19	560	-0.00045
1134590	1	524.00	100.19	560	0.00000
1135151	1	523.50	100.25	561	-0.00089
1135711	1	524.00	100.19	560	0.00089
1136271	1	524.25	100.19	560	0.00045
1136831	1	524.00	100.19	560	-0.00045
1137391	1	524.00	100.19	560	0.00000
1137951	1	523.75	100.19	560	-0.00045
1138511	1	523.75	100.19	560	0.00000
1139072	1	524.25	100.19	561	0.00089
1139632	1	523.75	100.19	560	-0.00089
1140191	1	523.75	100.19	559	0.00000
1140751	1	524.25	100.19	560	0.00089
1141311	1	524.00	100.19	560	-0.00045
1141871	1	523.75	100.19	560	-0.00045
1142431	1	524.00	100.19	560	0.00045
1142991	1	523.50	100.19	560	-0.00089
1143552	1	523.75	100.19	561	0.00045
1144112	1	524.00	100.19	560	0.00045
1144672	1	524.25	100.25	560	0.00045
1145231	1	524.00	100.25	559	-0.00045
1145791	1	524.25	100.19	560	0.00045
1146351	1	524.25	100.19	560	0.00000
1146911	1	524.00	100.19	560	-0.00045
1147471	1	523.75	100.19	560	-0.00045
1148032	1	524.25	100.19	561	0.00089
1148592	1	524.50	100.19	560	0.00045
1149152	1	524.25	100.19	560	-0.00045
1149712	1	524.50	100.19	560	0.00045
1150272	1	523.75	100.19	560	-0.00134
1150832	1	524.00	100.19	560	0.00045
1151392	1	524.00	100.19	560	0.00000
1151952	1	524.00	100.19	560	0.00000
1152512	1	524.25	100.19	560	0.00045
1153072	1	524.00	100.19	560	-0.00045
1153632	1	524.00	100.19	560	0.00000