20.400
20.400
20.900
21.000
20.400
21.400
20.900
20.900
20.900
20.900
21.000
20.900
20.500
20.500
20.900
20.900
20.000
20.400
20.900
20.900
21.000
21.000
20.900
21.400
21.000
21.000
21.500
21.500
21.400
21.400
21.900
22.300
22.300
22.800
22.900
23.400
23.300
24.200
24.200
25.200
25.200
25.800
26.300
26.300
26.700
27.100
27.600
27.700
28.200
28.600
29.000
29.000
29.500
29.900
30.400
30.400
30.400
30.600
30.400
30.600
30.400
31.000
31.000
31.000
31.900
32.000
32.300
32.800
33.300
33.800
33.400
33.900
33.900
34.200
34.700
34.700
34.700
35.300
34.900
34.700
34.900
34.700
34.700
34.900
35.200
36.100
36.600
35.700
35.200
35.200
34.700
34.200
34.200
34.900
35.700
36.100
37.600
37.600
38.200
38.200
39.200
39.500
40.400
39.600
39.000
38.000
37.600
37.100
37.600
38.000
37.600
37.600
37.700
38.200
39.200
38.500
37.100
37.600
36.600
37.100
38.200
37.600
38.000
39.000
40.100
39.900
40.900
42.000
41.100
40.400
39.500
39.000
38.500
38.000
38.000
37.600
38.000
38.500
39.600
39.900
40.400
40.600
40.900
41.400
41.600
41.400
42.500
43.800
44.700
44.400
43.300
42.300
42.300
41.900
41.600
40.600
40.400
40.400
42.300
43.500
42.800
42.800
43.000
42.300
42.800
42.300
42.800
43.300
43.800
44.200
43.900
44.200
44.700
44.200
44.400
45.200
45.200
46.800
47.100
47.100
47.600
49.200
48.500
48.500
47.800
47.600
47.100
47.800
48.500
49.000
49.700
49.900
50.200
49.700
49.000
49.500
48.700
49.000
49.900
49.700
49.000
48.500
48.000
49.000
49.200
50.600
50.400
49.900
48.700
48.500
49.700
50.600
50.400
49.200
47.600
47.100
48.200
48.700
49.500
50.200
51.100
50.400
50.200
49.500
47.600
47.100
46.600
46.100
46.600
46.600
46.600
47.100
47.600
47.100
47.600
47.100
47.800
48.000
48.000
48.000
47.100
46.600
46.100
45.700
45.700
46.300
46.100
46.300
45.900
44.700
44.900
45.200
45.700
46.800
46.300
46.600
46.600
47.100
49.200
50.600
49.900
49.500
49.200
48.500
49.500
49.200
48.000
47.100
45.900
45.700
46.600
46.600
46.100
46.100
45.900
46.300
46.600
47.600
49.700
48.700
47.600
48.000
48.500
48.000
48.000
49.500
50.600
53.000
54.500
54.700
55.400
55.900
55.200
54.900
52.800
51.400
51.100
50.600
50.900
50.900
51.400
50.900
49.500
48.500
49.200
49.900
51.100
49.500
49.700
50.400
52.100
53.500
53.800
52.800
52.600
51.400
51.400
51.400
52.100
51.900
52.300
52.800
52.800
53.800
54.000
52.800
51.900
52.600
52.800
52.800
54.200
54.700
55.700
55.900
55.200
55.200
57.100
57.600
56.400
56.400
55.700
55.200
55.200
55.200
55.200
54.700
53.300
53.300
52.800
53.300
53.300
52.800
52.800
53.300
54.000
53.300
53.800
53.800
54.000
53.800
54.200
54.000
55.700
55.900
56.100
56.100
55.700
54.700
54.700
55.400
55.900
56.600
58.000
59.000
59.900
59.900
60.200
59.900
60.900
59.900
59.500
59.500
59.500
59.500
58.000
57.600
55.200
54.200
54.700
56.100
57.100
57.600
57.300
57.100
57.100
56.600
57.100
55.400
55.700
53.300
52.300
53.800
54.700
54.200
53.800
54.200
55.400
55.700
56.600
57.100
56.600
57.600
57.100
56.100
55.200
56.900
57.300
57.600
58.000
59.000
60.400
59.500
59.000
59.500
59.000
58.500
58.500
59.700
59.500
59.500
59.000
58.500
59.000
59.500
59.500
59.500
59.000
58.500
60.400
60.400
60.400
59.900
60.700
59.900
59.900
61.400
59.900
60.400
59.000
59.200
57.600
57.600
57.600
57.600
57.100
57.100
58.000
59.000
59.900
59.900
60.400
60.900
60.400
61.400
62.300
62.300
63.300
62.800
61.800
60.900
61.800
60.400
59.900
59.900
59.900
61.400
62.300
62.300
62.800
61.800
60.900
59.900
58.500
59.200
60.900
60.900
61.400
61.800
59.900
60.200
60.400
60.900
60.400
61.400
61.200
61.600
61.400
60.900
61.800
61.800
63.300
64.200
64.200
65.900
65.700
63.300
61.800
62.300
62.300
62.300
62.800
63.100
64.200
63.300
63.300
64.200
65.200
66.900
65.200
66.400
66.100
65.200
64.700
64.700
64.700
64.700
65.900
66.600
65.500
63.300
66.100
67.100
66.600
65.900
66.100
65.700
64.700
66.100
65.000
64.700
64.700
66.600
66.900
65.700
65.200
65.200
64.700
65.700
64.700
63.300
64.200
64.200
63.800
64.200
64.200
63.800
64.700
65.200
64.500
64.000
64.700
65.700
65.200
65.200
64.700
65.200
65.200
65.500
67.100
69.000
68.000
67.600
67.100
66.600
67.900
66.600
69.000
67.600
67.100
68.000
69.000
69.000
68.300
70.400
69.500
70.700
70.900
72.300
70.400
69.500
69.900
69.900
71.400
70.400
70.900
71.400
72.600
71.400
70.700
70.400
70.400
70.400
69.500
69.500
70.400
70.900
69.900
71.800
69.900
70.400
72.300
71.800
72.300
72.300
72.800
71.400
71.800
70.400
72.300
73.300
72.300
72.300
72.300
70.900
71.400
72.800
71.400
71.800
72.800
71.800
71.800
73.600
72.300
71.800
72.600
71.400
71.800
70.400
71.400
71.800
71.800
72.300
72.300
73.800
73.600
73.300
73.800
73.600
72.800
73.300
72.600
72.800
72.300
72.800
72.800
73.300
73.300
72.800
73.100
74.200
73.800
74.200
74.200
74.200
74.200
74.500
74.200
73.800
75.200
74.700
74.700
74.700
75.200
75.700
75.200
75.200
75.200
75.200
75.200
75.200
75.200
75.200
74.700
75.200
75.700
75.700
76.900
76.100
76.100
76.100
76.600
75.700
75.700
76.600
76.100
76.600
76.600
76.500
76.000
76.600
77.100
77.600
77.100
77.600
77.900
78.500
77.600
77.100
76.600
77.100
76.600
76.500
76.600
76.600
77.100
76.600
77.100
77.600
77.600
77.100
76.100
76.600
77.100
77.600
77.600
77.600
77.600
79.000
79.000
78.500
78.000
78.000
78.500
79.000
79.000
79.900
79.000
79.500
80.900
80.900
81.400
81.400
80.900
80.900
80.900
80.900
80.400
81.200
80.900
80.900
81.400
81.400
81.400
81.400
81.400
81.400
81.800
82.300
82.300
82.700
82.800
81.800
83.300
83.300
83.300
83.600
82.800
82.300
82.300
83.300
83.600
83.300
83.800
83.800
82.800
83.300
82.300
82.300
82.300
83.300
83.300
83.800
83.800
84.100
84.200
84.200
83.800
84.200
84.700
84.700
84.200
84.200
84.200
84.200
83.800
84.200
84.700
84.700
85.100
85.200
85.200
85.200
85.200
84.700
85.200
85.700
85.500
85.200
85.200
85.200
86.000
85.700
85.700
86.100
87.100
87.100
86.600
86.600
87.500
86.600
87.100
87.100
87.500
87.100
87.600
88.000
87.600
88.000
88.000
87.600
88.000
88.000
88.000
88.000
88.000
88.000
88.000
87.900
87.100
88.000
88.000
88.000
89.000
89.000
88.500
88.500
88.500
88.400
88.500
89.000
89.000
88.500
88.500
89.900
89.900
89.900
89.500
89.900
89.500
89.900
89.500
89.500
89.900
89.900
89.500
89.900
89.900
89.900
89.500
89.000
89.500
89.900
89.900
89.900
89.900
89.900
90.400
90.400
89.900
90.400
90.400
91.400
90.900
90.400
91.400
90.900
91.400
91.800
91.800
91.400
91.800
91.400
91.800
91.400
91.400
91.800
90.900
91.800
91.400
91.800
91.800
91.800
91.800
92.300
92.300
92.800
92.300
93.200
92.300
92.300
92.300
92.800
92.800
93.700
93.300
92.800
92.800
93.300
93.300
93.300
93.300
93.800
93.300
93.300
93.800
93.800
93.800
93.800
94.200
95.100
95.100
94.200
94.700
94.200
94.700
94.200
94.200
94.600
94.700
94.700
95.100
94.700
94.700
95.600
95.200
95.700
95.200
95.200
95.700
95.200
95.200
95.200
95.200
95.200
95.200
95.200
96.100
95.700
96.100
95.700
96.100
96.100
96.100
96.100
95.700
96.100
96.100
96.500
96.100
96.100
96.100
96.500
96.100
96.100
97.000
96.600
96.100
97.100
97.600
97.100
97.100
96.600
97.500
97.600
97.600
97.100
97.100
97.100
97.100
97.100
97.600
97.600
97.600
97.600
97.100
97.100
97.600
97.100
97.100
97.600
98.000
97.100
97.100
97.500
97.500
97.100
97.600
97.600
97.100
97.600
97.100
97.100
97.100
97.600
97.100
97.500
97.100
97.100
97.600
97.100
97.100
97.100
97.600
97.100
97.100
97.600
97.100
97.100
97.100
97.100
97.100
97.100
97.100
97.100
97.600
97.600
97.100
97.500
97.100
97.500
97.100
97.100
97.100
97.100
97.600
97.100
97.600
97.100
97.100
97.100
97.600
97.100
97.600
97.100
97.100
97.600
98.000
97.100
97.500
97.100
97.100
97.600
97.600
97.100
98.000
97.100
98.000
97.600
97.100
97.100
97.500
97.100
97.100
97.100
97.100
97.100
97.100
97.100
97.100
97.100
97.100
97.100
97.100
97.600
97.600
97.100
97.100
97.100
97.500
97.100
96.600
97.600
97.100
97.600
97.100
97.100
97.100
97.100
97.100
97.500
97.500
97.100
96.600
97.500
97.500
97.100
96.600
96.600
96.600
97.100
97.100
97.100
97.100
97.100
97.000
96.600
97.100
96.600
97.100
97.100
97.500
97.100
97.500
96.600
97.100
97.100
96.600
97.600
96.600
97.100
97.100
97.500
97.100
97.100
96.600
97.500
97.100
97.100
96.600
97.600
97.100
97.100
97.100
97.500
97.100
97.100
96.600
97.500
97.100
97.100
97.100
97.100
97.100
97.100
97.100
97.100
97.100
96.600
97.000
97.100
97.100
96.600
97.100
97.500
97.100
97.100
97.100
97.100
96.600
97.100
97.000
96.600
97.100
96.600
96.600
96.600
96.600
96.600
97.100
97.100
97.100
97.500
97.100
97.100
97.100
97.100
97.100
97.500
97.100
97.100
97.100
97.100
97.500
97.000
97.100
96.600
96.600
97.100
96.600
97.100
97.100
96.600
97.500
96.600
97.100
96.600
97.100
97.100
97.500
96.600
96.600
97.000
97.100
97.100
96.600
97.100
97.100
97.100
97.100
97.000
96.600
96.600
97.100
97.100
96.600
97.100
96.600
96.600
96.600
97.100
97.000
96.600
97.100
97.100
96.600
96.600
96.600
97.100
97.100
96.600
96.600
97.100
97.000
96.600
96.600
97.100
96.600
96.600
96.600
96.600
96.600
96.600
97.000
96.600
96.600
97.000
97.100
96.600
96.600
96.600
96.600
97.100
96.600
96.600
96.600
96.600
96.600
97.000
97.000
97.100
96.600
97.100
96.600
96.600
96.600
96.600
97.100
96.600
97.500
96.600
96.600
96.600
96.600
96.600
96.600
97.100
96.600
97.000
96.600
96.600
97.100
97.100
96.600
97.100
97.100
97.100
97.100
97.100
97.100
97.000
97.100
96.600
97.100
97.000
96.600
96.600
96.100
96.600
96.100
96.600
96.100
96.600
96.600
96.600
96.100
96.100
96.500
96.100
96.500
96.500
96.100
96.100
96.500
96.100
96.100
96.100
96.500
96.100
96.100
96.600
96.100
96.100
96.100
96.100
96.100
96.100
96.100
96.100
96.100
95.700
96.100
96.100
96.500
96.100
95.700
96.100
96.100
96.500
96.500
96.100
95.700
95.700
96.100
96.100
96.600
96.100
96.100
96.100
96.100
95.700
96.100
96.100
95.700
96.100
96.100
95.700
96.100
96.100
96.100
95.700
96.500
96.100
95.700
96.500
95.700
95.700
95.700
96.100
95.700
95.700
95.700
96.100
96.100
96.100
96.100
95.700
96.100
95.700
96.100
96.100
95.700
95.700
96.100
95.700
95.700
95.700
95.700
96.100
95.700
95.600
95.200
95.700
95.600
95.700
95.700
95.700
95.200
96.100
95.200
95.200
95.700
96.100
95.700
95.700
95.700
96.100
95.700
95.700
95.600
95.200
95.600
95.200
95.200
95.700
95.200
95.200
95.200
95.200
95.200
95.200
95.700
95.200
95.600
94.700
95.200
95.600
94.700
94.700
94.700
95.200
95.200
95.600
95.200
95.200
95.200
95.100
95.200
95.200
95.200
94.700
94.700
95.200
95.200
94.700
95.200
94.700
94.700
94.200
94.700
94.200
94.700
94.600
94.700
94.700
94.600
94.700
94.200
94.600
95.100
94.600
94.700
94.700
94.200
94.200
94.700
94.600
94.200
94.200
94.200
94.200
94.700
95.100
94.700
94.700
94.200
94.600
94.700
94.200
94.200
94.700
95.100
94.600
94.700
94.200
94.600
94.200
94.200
94.200
94.200
94.600
94.200
94.600
94.200
93.800
93.800
94.200
93.800
93.800
94.200
93.800
94.600
94.200
94.200
93.800
94.600
94.200
93.800
94.200
93.800
93.800
93.800
94.200
93.800
94.200
93.300
93.800
94.200
93.300
93.800
93.300
93.800
93.700
92.800
93.300
93.700
93.800
93.800
93.700
93.300
93.300
93.300
93.800
93.300
93.300
93.700
93.800
93.700
93.800
93.800
93.300
93.300
93.800
93.200
93.300
93.300
92.800
92.800
93.300
93.300
93.200
93.300
93.300
93.300
92.800
93.300
93.300
93.300
93.200
92.800
93.300
93.200
92.800
92.800
92.800
92.800
92.800
92.800
92.800
92.800
93.200
92.800
92.300
92.800
92.800
92.300
92.700
93.200
92.300
92.800
92.300
92.800
92.800
93.200
92.300
92.800
92.300
92.300
92.300
92.300
92.700
92.300
92.700
92.300
92.300
92.700
92.300
92.300
92.300
92.700
92.300
92.300
92.300
92.300
91.800
92.700
91.800
92.300
92.300
92.300
91.800
91.800
92.300
92.700
91.800
92.300
91.800
92.200
92.300
91.800
91.800
91.800
92.200
92.200
91.800
92.200
91.800
91.800
92.200
91.400
91.800
91.800
91.800
91.800
91.800
91.800
91.800
91.400
91.400
91.800
91.800
92.300
91.800
91.800
92.200
91.800
91.800
91.400
91.400
91.400
91.800
91.400
91.400
91.400
91.800
91.800
91.800
91.400
91.400
90.900
91.800
91.400
91.400
91.400
90.900
91.300
91.400
90.900
90.900
90.900
90.900
91.800
91.400
90.900
90.900
91.400
90.900
90.900
90.900
90.900
91.800
90.900
90.900
90.400
91.400
90.400
90.800
90.900
90.900
91.300
91.300
90.900
90.900
91.300
90.900
91.300
90.900
90.900
91.300
91.300
90.900
90.400
90.900
90.400
90.400
90.800
90.900
90.800
90.900
90.900
90.400
90.400
91.300
90.400
90.900
90.400
90.900
90.800
90.900
90.900
90.400
90.900
90.400
90.400
90.400
90.900
90.400
90.400
90.400
90.800
90.400
90.800
90.800
90.400
90.400
90.400
90.400
89.900
89.900
90.400
90.400
89.900
90.400
90.400
89.900
90.400
89.900
89.900
90.400
89.900
89.900
89.900
89.900
89.900
90.400
89.900
89.900
89.900
89.900
89.900
89.900
89.900
90.300
89.900
89.500
90.300
89.900
90.400
90.300
89.900
89.900
90.300
89.900
89.500
89.900
89.900
89.900
89.900
89.900
89.900
89.500
89.900
89.500
89.400
89.500
89.900
89.500
90.300
89.900
89.500
89.500
89.900
89.900
89.500
89.500
89.500
89.000
89.500
89.900
89.500
89.500
89.900
89.000
89.000
89.900
89.900
89.500
89.400
89.500
89.500
89.900
89.000
89.000
89.000
89.900
89.000
89.900
89.500
89.500
89.500
89.000
89.000
89.400
89.000
89.000
89.500
88.500
89.000
89.000
88.500
89.000
88.500
88.500
89.000
89.400
88.500
88.500
88.500
89.000
89.400
89.400
88.500
89.000
88.500
89.000
89.000
88.500
88.500
89.000
88.500
88.500
88.500
89.000
89.000
88.500
89.400
88.500
88.500
88.500
88.500
88.500
88.500
88.500
88.500
88.500
88.500
88.500
89.000
88.500
88.900
88.500
88.900
88.900
88.900
88.000
88.000
88.500
88.500
88.000
88.500
88.500
88.900
88.500
88.900
88.000
88.000
88.500
88.000
88.500
88.000
88.500
88.400
88.500
88.900
88.000
88.000
88.000
88.000
88.500
88.000
88.000
88.000
88.000
88.500
88.000
87.600
88.500
87.600
88.400
88.400
87.600
88.000
88.400
87.600
88.000
88.000
87.900
87.600
88.000
88.400
88.400
88.000
87.600
87.600
88.000
88.000
88.400
88.000
87.600
87.600
87.600
87.600
87.600
87.600
88.000
87.900
87.600
87.600
87.600
88.000
88.000
88.000
87.600
87.900
87.600
88.000
87.100
87.600
88.400
87.900
88.000
87.100
87.100
87.900
87.600
87.900
87.900
87.600
87.100
87.900
87.600
87.600
87.600
87.100
87.100
87.600
87.100
87.600
87.100
87.500
87.600
87.100
87.600
86.600
87.100
87.100
87.100
87.100
87.100
87.000
87.500
87.500
87.100
86.600
87.100
87.100
87.100
87.100
86.600
87.500
87.100
