23.000
23.000
23.000
22.750
23.250
23.250
23.250
22.750
23.000
20.500
20.750
20.500
20.500
20.250
20.500
20.500
20.000
20.750
20.250
20.250
20.250
20.000
20.500
20.500
20.500
20.750
20.750
20.750
20.750
20.750
21.000
21.500
21.500
21.500
21.750
22.250
22.500
22.500
23.250
23.750
23.250
24.500
24.500
25.500
25.750
26.250
27.000
27.250
28.000
29.000
29.750
30.000
31.250
32.000
32.500
33.500
34.250
35.000
36.000
37.000
37.500
38.250
40.000
41.000
41.750
42.750
43.500
45.000
46.000
47.500
48.250
49.500
50.750
52.250
53.250
54.500
55.500
56.250
57.750
59.250
60.500
62.000
62.750
62.000
66.250
66.750
69.000
69.750
71.500
72.500
73.750
75.250
76.750
77.750
79.250
80.750
82.250
83.500
84.250
86.250
87.500
88.750
90.250
91.750
92.500
93.750
95.500
97.000
98.500
99.750
101.250
102.250
103.750
105.250
106.750
108.000
109.250
110.750
111.750
113.000
114.750
116.000
116.750
118.500
119.500
121.250
122.750
123.250
124.750
125.750
126.750
128.750
130.250
131.250
132.750
134.000
135.250
136.250
137.500
138.500
140.250
141.000
142.500
143.750
144.750
146.000
146.750
148.500
149.500
150.500
152.000
152.750
154.000
155.500
156.250
157.250
158.250
159.750
161.000
162.000
163.000
164.500
165.500
166.250
167.500
168.000
169.500
170.500
171.500
172.500
173.250
174.500
175.500
176.000
177.500
178.000
179.500
180.000
181.250
182.000
182.750
184.000
184.750
185.750
186.750
187.500
188.500
189.500
190.500
191.500
192.250
193.250
193.750
195.000
196.250
197.000
197.500
198.500
198.750
200.250
201.250
202.000
202.750
203.750
204.500
205.250
206.000
206.750
207.250
208.250
209.500
210.250
210.750
211.500
212.250
213.250
214.250
214.500
215.500
216.000
217.250
217.750
218.750
219.000
220.000
221.000
221.500
221.750
223.000
223.500
224.250
224.750
225.750
226.750
227.250
227.500
228.250
229.500
229.750
230.750
231.250
232.000
232.250
233.000
234.250
232.250
233.250
234.500
236.500
234.750
236.000
236.500
237.750
238.500
239.000
240.750
241.250
240.500
241.750
243.500
243.500
242.750
244.500
246.000
245.000
245.250
246.750
248.250
247.500
248.250
250.000
249.500
249.000
251.750
251.250
251.000
252.250
253.500
253.000
253.000
254.500
255.500
255.000
255.000
257.250
257.500
256.750
257.000
259.500
258.750
258.750
260.250
259.250
261.750
262.500
261.500
261.750
263.750
262.750
263.000
265.000
266.000
266.250
265.250
267.250
265.750
266.250
268.000
269.000
267.500
268.000
270.250
269.500
269.750
271.500
271.250
270.500
272.000
273.250
272.250
272.500
274.250
274.250
273.750
274.750
276.750
275.500
275.250
277.500
278.000
276.500
278.500
278.250
279.750
280.000
278.500
279.250
281.250
280.500
280.750
282.250
281.000
283.000
281.500
282.000
284.000
282.500
282.750
285.000
285.000
283.750
285.750
286.250
285.250
285.250
287.000
287.750
286.000
286.750
288.750
288.500
287.250
288.750
290.000
289.500
288.500
290.000
291.250
290.250
291.000
292.500
292.500
292.000
291.750
293.250
293.500
292.500
292.750
294.500
294.750
293.500
295.500
295.750
295.000
294.250
296.500
295.750
296.000
296.750
297.750
297.500
296.750
298.000
299.000
297.750
297.750
299.750
300.250
299.250
300.500
300.250
300.000
301.000
299.750
302.000
300.250
300.750
302.500
301.000
301.750
303.500
302.000
302.000
303.750
303.000
304.500
303.500
304.000
303.500
305.500
304.500
304.250
306.250
304.750
306.750
306.500
306.000
307.000
305.750
307.750
306.250
307.750
308.500
307.000
308.500
307.500
307.250
309.750
309.000
308.000
310.250
308.750
310.250
310.500
309.000
311.250
309.750
310.250
312.000
310.500
309.750
312.500
311.250
312.750
312.000
311.250
312.750
313.250
312.000
312.500
313.750
312.250
314.250
312.250
314.250
314.500
313.250
314.750
313.500
315.250
314.000
314.250
315.750
314.500
315.000
316.500
314.500
316.000
316.750
315.250
317.250
317.250
316.250
317.500
317.250
316.000
317.250
318.000
317.000
318.500
318.500
318.250
319.250
318.750
317.500
319.250
319.250
318.250
319.000
319.750
318.500
318.500
320.500
320.000
319.500
319.500
320.250
320.500
320.250
320.000
321.250
321.000
320.250
321.750
320.250
322.500
320.750
322.750
321.000
321.500
321.750
322.750
322.000
321.750
322.500
323.250
321.750
324.000
322.750
322.500
324.000
322.500
324.500
322.500
322.000
322.250
322.250
323.000
321.500
323.250
323.500
325.500
325.250
324.000
325.750
324.500
325.750
325.000
324.250
325.000
326.250
324.250
326.250
325.250
326.750
325.750
325.500
326.500
327.250
325.750
325.750
327.250
326.500
326.250
327.500
325.750
327.500
326.500
326.000
326.250
326.500
328.250
327.000
326.750
327.000
327.000
328.500
328.000
328.500
327.750
329.250
328.250
327.500
329.250
327.500
329.250
327.500
328.000
329.500
328.250
329.500
328.500
328.500
330.000
328.000
329.500
329.250
328.500
328.750
330.000
327.750
328.750
329.750
329.000
330.000
328.250
329.750
328.750
330.000
329.500
329.000
330.250
329.500
329.250
329.750
328.750
329.750
328.500
329.000
330.250
329.250
329.750
330.750
329.500
329.250
331.000
329.500
329.250
331.500
329.750
329.250
331.250
329.750
331.750
329.750
330.500
331.750
329.750
329.750
331.750
330.000
331.500
330.000
332.250
332.000
330.500
331.750
332.250
330.250
330.000
332.250
330.250
331.250
331.250
332.250
330.000
332.250
330.250
332.000
330.250
331.750
332.500
331.250
331.500
332.500
330.750
330.000
332.500
332.500
330.750
330.750
332.500
332.000
330.500
332.250
332.750
331.500
330.750
332.750
332.750
331.000
330.750
332.250
332.000
331.000
331.500
332.250
332.250
331.250
332.250
333.000
331.500
331.250
333.000
333.000
330.500
332.250
333.000
331.500
331.250
333.000
333.000
331.250
331.250
333.250
333.000
331.500
331.500
333.250
333.250
331.000
332.000
333.250
332.250
331.750
333.000
333.250
331.750
331.500
333.250
333.000
331.500
332.000
333.250
332.500
331.250
332.750
333.000
332.000
331.500
333.000
333.250
331.750
331.250
333.250
333.500
331.250
331.500
333.250
331.750
333.500
332.000
331.500
333.250
332.500
331.500
333.500
331.500
333.250
331.250
333.250
333.250
331.500
332.750
332.750
332.250
333.500
331.500
333.250
333.250
331.500
333.250
332.750
330.750
332.250
333.000
331.750
333.000
332.500
331.000
332.000
333.250
332.000
331.000
333.000
331.250
332.500
332.250
331.500
332.750
333.000
331.250
332.000
333.250
332.750
333.000
331.250
333.000
331.500
333.000
332.750
332.500
333.250
331.250
333.000
331.250
332.500
332.250
333.250
331.500
333.500
331.750
333.500
333.000
332.000
333.500
332.250
333.750
333.250
332.000
333.500
332.000
331.750
333.750
333.500
332.000
331.500
333.500
334.000
332.000
333.750
334.250
334.000
333.750
334.000
332.250
334.500
334.500
334.500
334.750
334.750
334.500
334.500
333.250
334.750
334.500
334.500
335.250
334.500
334.750
335.000
335.250
335.000
335.250
335.500
335.000
335.750
335.000
335.500
335.500
335.500
335.500
336.000
336.000
336.000
336.250
336.000
336.250
336.250
336.000
336.500
336.250
336.250
336.500
336.750
336.750
336.750
336.750
336.750
337.000
337.250
337.000
337.250
337.250
337.250
337.500
337.500
337.500
337.500
337.500
337.750
338.000
338.000
338.000
338.000
338.250
338.250
338.000
338.250
338.000
338.500
338.750
338.000
338.250
338.750
339.000
338.750
339.000
339.000
339.500
339.250
339.000
339.500
339.500
339.750
339.750
340.000
340.000
340.000
340.500
340.250
340.250
340.500
340.250
340.000
340.500
340.750
340.250
340.000
341.250
341.250
341.750
341.500
341.500
341.500
341.250
341.000
341.750
341.250
342.250
341.500
342.000
342.500
342.500
342.000
342.500
342.750
342.500
343.000
343.000
343.500
343.250
343.250
343.500
343.500
343.250
343.750
343.250
344.000
344.000
343.500
346.750
346.500
347.000
347.000
347.750
347.750
347.750
348.000
348.250
348.250
348.250
348.250
348.000
348.500
348.750
348.500
348.500
348.500
348.750
348.750
348.750
348.750
348.750
348.500
348.500
348.500
348.500
348.250
348.250
348.000
347.750
347.500
347.250
346.750
346.250
346.250
346.000
345.750
345.500
345.000
344.250
344.250
343.500
343.250
342.500
341.750
341.250
340.500
340.000
339.250
338.750
338.000
337.250
336.500
335.750
335.000
334.250
333.500
332.000
331.750
330.500
329.750
329.250
328.250
327.000
326.000
325.500
324.500
323.250
322.250
321.000
320.750
319.500
318.500
317.500
316.750
315.750
314.250
313.000
312.000
311.500
310.250
308.750
308.250
307.000
306.250
305.000
303.750
302.750
301.750
300.750
299.250
298.500
297.250
296.000
295.000
293.750
292.500
291.500
290.500
289.500
288.250
287.000
286.000
285.000
284.000
282.500
281.500
280.750
279.750
278.250
277.000
276.000
275.250
274.250
273.000
271.500
270.250
269.500
268.750
267.750
266.250
265.750
264.500
263.000
262.000
261.250
260.500
259.500
257.750
257.000
256.250
255.500
254.250
253.000
252.000
251.000
250.000
249.000
248.250
247.250
246.000
244.750
244.500
243.250
242.500
241.500
240.500
239.750
239.000
237.750
236.750
235.750
234.750
234.250
232.750
232.250
231.500
230.500
229.750
228.750
228.000
227.000
225.750
225.250
224.250
223.500
222.750
222.250
221.000
220.250
219.500
218.250
217.750
217.000
216.500
215.500
215.000
214.000
213.000
212.250
211.750
211.000
209.750
209.250
208.500
208.000
207.250
205.750
205.750
204.000
204.000
203.500
202.750
201.750
200.500
200.250
199.750
199.000
197.750
197.250
197.000
195.750
195.750
194.500
194.250
193.500
193.000
192.500
191.750
191.250
190.500
189.250
189.000
188.500
188.000
186.750
186.750
186.000
185.250
184.500
184.000
183.250
182.750
182.250
181.500
181.000
180.500
179.750
179.750
179.250
178.000
177.750
177.250
176.750
175.750
176.000
174.750
174.250
174.250
173.750
172.500
172.500
171.250
170.500
171.000
170.500
169.250
169.500
168.500
167.750
167.750
167.000
167.000
166.000
165.500
165.500
164.750
164.000
163.500
163.500
162.250
162.500
161.500
161.000
160.750
160.750
160.500
159.750
159.250
158.500
158.250
157.750
157.500
157.250
156.750
156.000
155.500
155.250
154.500
154.000
154.250
153.500
153.250
152.750
151.750
152.000
151.500
151.250
151.000
150.500
150.000
149.000
149.000
148.750
148.500
147.750
147.500
147.500
146.500
146.750
146.250
145.750
145.500
145.250
145.000
144.000
144.250
143.250
143.500
143.000
142.250
142.000
141.750
141.500
141.250
141.000
140.500
140.500
139.250
139.500
139.500
139.000
139.000
138.500
137.750
137.500
137.750
137.250
136.250
136.500
136.250
136.000
135.250
135.500
135.000
134.750
134.500
133.750
133.750
133.500
133.500
132.750
132.750
132.250
132.250
132.250
131.750
131.750
131.000
130.500
131.000
130.250
130.000
129.750
130.000
129.500
128.750
128.750
128.750
128.250
128.250
128.000
127.750
127.250
127.250
126.750
126.750
126.750
126.500
126.250
125.750
125.750
125.250
124.750
125.000
124.500
124.500
124.250
124.000
124.000
123.250
123.250
123.500
123.250
122.250
122.750
122.500
122.000
121.750
121.750
122.000
121.500
121.500
121.000
120.750
121.000
120.250
120.500
120.000
120.000
119.750
119.500
119.250
119.000
119.000
118.750
118.750
118.250
118.250
118.250
117.750
117.250
117.250
117.500
117.250
116.750
116.750
116.750
116.500
116.000
115.500
116.000
115.750
116.000
115.500
115.250
115.500
115.000
115.000
114.500
114.750
114.500
114.500
114.250
114.000
113.500
113.000
113.500
113.500
113.250
113.000
113.000
112.500
112.750
112.500
112.500
112.250
112.250
112.000
111.500
111.750
111.000
111.000
111.250
111.250
111.000
111.000
110.750
110.750
110.750
110.500
110.250
110.250
110.250
109.750
109.250
109.750
109.500
109.500
109.500
108.750
109.000
108.750
109.250
108.500
108.750
108.000
108.500
108.500
108.000
108.250
107.500
107.750
107.750
107.500
107.500
107.500
107.250
106.750
107.000
107.000
106.750
106.500
106.500
106.000
106.500
106.250
106.250
106.000
106.000
105.750
105.750
105.000
105.250
105.250
105.500
105.000
105.000
105.000
104.750
104.500
104.750
104.000
104.000
104.000
104.250
104.500
104.000
103.500
104.000
103.750
103.500
103.750
103.250
103.500
103.500
103.000
103.250
102.250
102.750
102.500
103.000
102.250
102.500
102.250
102.500
102.750
102.250
102.250
102.500
102.250
102.000
101.750
101.500
101.500
101.750
101.750
101.000
101.250
101.000
101.000
101.250
101.000
100.750
101.250
101.000
101.000
100.750
100.750
100.500
100.250
100.250
100.250
100.250
100.250
100.250
99.500
99.500
99.500
100.000
100.000
99.750
99.500
99.500
99.500
99.500
98.750
99.500
99.250
98.750
99.000
99.000
99.000
99.000
98.750
98.750
98.500
98.750
98.750
98.500
98.250
97.750
98.000
98.250
97.750
98.000
97.500
97.500
97.500
97.500
97.750
97.250
98.000
97.750
97.000
97.500
97.250
97.000
97.000
97.250
97.250
97.000
96.500
96.750
96.500
96.000
96.750
97.000
96.750
96.750
96.750
96.250
96.250
96.000
96.250
96.000
96.250
96.250
95.750
96.000
96.250
96.250
96.000
96.000
95.750
95.750
95.500
95.250
95.500
95.500
95.250
95.250
95.250
95.250
95.000
95.250
95.250
95.250
94.750
95.250
94.750
94.750
94.750
94.750
94.750
95.000
95.000
94.750
94.250
94.250
94.250
94.250
94.500
94.250
94.250
94.000
94.000
94.000
93.750
94.000
93.500
94.250
93.750
93.750
93.500
94.000
93.750
93.500
93.500
93.250
93.500
93.500
93.250
93.250
93.000
93.000
93.250
93.000
93.000
92.750
92.500
93.000
92.500
93.250
92.500
93.000
92.750
92.750
92.250
92.500
92.500
92.750
92.750
92.750
92.500
92.500
92.500
92.750
92.250
92.000
92.500
92.000
92.250
91.500
91.750
91.750
92.000
92.500
91.500
92.250
91.500
91.750
91.500
91.750
91.500
91.750
91.750
91.750
91.750
91.500
91.500
91.250
91.250
91.500
91.500
91.250
91.250
91.250
90.750
91.250
90.750
91.000
90.750
91.000
90.750
90.500
90.500
90.750
90.750
90.750
90.750
90.500
90.750
90.750
90.500
90.500
90.750
90.250
90.250
90.250
90.250
90.500
90.250
90.500
90.250
90.250
89.750
90.250
89.500
90.500
90.500
90.000
90.250
90.000
90.250
89.500
90.000
89.750
89.500
90.000
90.000
90.000
89.750
89.500
89.500
90.000
89.750
90.000
89.750
89.750
89.750
89.000
89.250
89.250
89.250
89.250
89.500
89.500
89.000
89.250
89.000
89.250
89.000
89.250
89.250
89.250
89.000
89.250
89.000
89.250
89.250
89.250
88.750
88.750
89.250
88.750
89.250
88.750
88.750
89.000
88.250
88.500
88.250
88.500
88.750
88.750
88.750
88.500
88.750
88.250
88.250
88.500
88.250
88.500
88.250
88.000
88.000
88.250
88.250
88.250
88.250
88.250
88.250
88.000
88.500
87.750
88.000
88.000
87.750
88.000
88.000
88.000
88.000
87.750
87.500
88.000
88.000
87.750
87.500
87.500
87.250
87.750
87.750
88.000
87.500
87.750
87.000
87.750
87.500
87.500
87.250
87.500
87.500
87.250
87.250
87.500
87.250
87.500
87.250
87.250
87.500
87.250
87.500
87.000
87.250
87.250
87.000
86.750
86.750
86.500
87.000
87.000
86.750
87.000
87.000
86.750
86.500
86.750
87.000
87.000
86.500
86.750
86.500
86.750
86.250
86.250
86.500
86.250
86.500
86.750
86.250
86.750
86.250
86.500
86.500
86.000
85.750
86.000
86.500
86.500
86.250
86.000
86.500
86.000
86.500
86.000
86.000
86.000
86.000
85.750
86.000
85.750
86.000
86.250
86.000
86.000
86.000
86.000
85.750
85.750
86.000
85.500
85.750
85.250
85.750
85.750
86.000
86.000
86.000
85.500
85.500
85.750
85.500
85.500
85.750
86.000
85.500
85.500
85.500
85.500
85.500
85.500
85.250
85.250
85.250
85.250
85.500
85.250
85.250
85.250
85.250
85.000
85.250
85.000
85.250
85.250
84.500
85.000
84.750
84.750
85.250
85.000
85.000
85.000
85.000
85.000
84.750
84.500
85.000
84.500
85.000
84.750
84.500
85.000
85.000
84.500
84.500
85.000
84.750
84.750
84.500
84.500
84.500
84.750
84.500
84.250
84.500
84.500
84.500
84.250
84.500
84.500
84.000
84.500
84.500
84.250
84.250
84.250
84.500
84.250
84.250
84.250
84.000
84.500
84.250
84.250
84.250
84.250
84.250
83.750
84.000
84.250
84.000
83.750
83.750
84.000
84.250
84.000
83.750
84.250
84.250
84.000
83.750
84.000
83.750
83.500
83.500
84.000
