32.300
32.300
31.500
32.500
31.400
32.000
31.500
31.900
30.900
32.000
31.900
31.900
31.500
31.900
31.500
31.900
31.500
31.500
31.400
31.500
31.500
31.400
31.500
31.400
31.400
31.500
30.900
31.000
31.000
30.900
30.600
29.600
27.100
26.100
25.800
24.800
24.700
24.800
24.300
23.800
24.300
23.900
23.900
23.900
23.900
23.300
23.800
23.300
23.400
23.300
23.300
23.300
23.300
23.400
23.300
23.300
23.400
23.400
23.400
22.800
23.300
22.900
23.300
22.800
23.400
22.900
23.300
23.400
22.900
23.300
23.400
22.800
23.300
23.800
23.400
23.400
23.400
23.400
23.300
22.400
23.400
23.300
23.400
23.400
23.300
23.400
22.900
23.400
23.300
23.400
23.300
23.900
23.400
23.300
23.300
23.400
23.800
23.800
23.800
23.400
23.300
23.800
23.800
23.300
23.300
23.800
23.900
23.900
23.900
23.800
23.800
23.400
23.900
23.400
23.900
23.800
23.800
23.800
23.800
23.800
23.900
23.900
23.800
23.800
24.200
23.800
23.400
23.300
23.900
23.900
23.800
23.900
23.400
23.800
23.400
23.900
23.900
24.200
22.900
23.900
24.200
24.200
23.900
23.400
23.800
23.800
24.200
24.200
23.800
24.300
24.200
23.900
23.800
23.900
23.800
23.900
24.300
24.200
24.300
24.200
24.200
23.400
23.800
23.900
23.800
24.300
23.800
24.200
23.800
24.200
24.300
24.300
24.200
24.300
23.900
24.800
24.700
24.700
24.800
24.200
24.700
24.800
24.700
24.700
24.700
25.200
24.700
25.200
25.200
24.700
24.800
25.300
25.300
24.700
25.200
24.800
24.700
24.700
24.800
25.200
24.700
24.800
25.200
25.200
25.300
25.200
25.700
25.200
25.700
25.700
25.800
25.300
25.700
25.800
25.800
25.200
25.700
25.800
26.100
25.700
26.100
25.700
25.700
25.800
25.700
25.800
26.300
25.700
25.300
26.300
26.100
26.600
26.100
26.600
26.300
26.300
26.600
26.300
26.100
26.700
26.600
26.300
26.600
26.600
26.300
26.100
26.600
26.700
26.100
26.700
27.100
26.700
26.700
26.700
27.100
27.200
26.700
26.600
26.600
26.600
27.100
27.600
27.200
27.100
27.200
27.200
27.100
27.600
27.200
28.000
27.700
28.200
26.600
28.000
27.700
27.600
28.000
27.600
27.700
27.600
28.200
28.200
28.200
27.700
28.200
28.000
28.500
28.000
28.200
28.000
28.500
29.000
28.200
29.100
28.000
29.000
28.500
28.500
28.600
28.600
28.600
29.100
28.500
29.000
29.000
28.600
28.600
28.500
28.500
29.000
29.500
28.500
29.000
29.100
28.600
28.500
29.000
29.000
29.000
29.000
29.000
28.600
29.600
29.600
29.600
29.600
29.600
29.000
29.600
29.600
29.500
29.600
29.500
29.500
29.900
30.100
29.500
29.600
30.100
30.100
29.600
29.600
29.900
30.100
29.100
29.500
29.500
29.600
29.100
29.100
29.000
29.000
29.000
29.000
29.000
29.600
29.100
29.100
29.100
29.100
29.100
29.100
29.000
29.000
29.100
29.100
29.000
29.000
29.000
29.000
29.000
29.100
29.100
29.100
29.100
29.000
29.600
29.100
29.500
29.600
29.100
29.100
29.500
29.000
29.000
28.500
29.000
29.600
29.600
29.600
29.500
29.600
29.600
29.900
29.100
29.600
29.900
29.500
28.600
29.500
29.600
29.000
29.600
29.000
29.900
29.500
29.900
29.600
29.600
29.900
29.500
29.600
29.500
29.900
29.600
29.900
29.500
30.100
30.400
29.900
30.100
29.500
29.900
29.900
29.900
30.400
29.600
29.900
30.400
30.900
30.400
29.600
30.600
30.600
30.100
30.400
29.500
30.600
30.900
30.400
30.400
30.600
30.400
30.600
31.000
30.400
30.400
30.600
30.400
30.100
30.900
30.400
30.400
30.900
30.900
30.600
30.900
30.400
30.600
30.900
34.200
35.700
38.000
40.400
42.500
43.900
45.700
47.300
48.000
49.500
50.200
50.400
50.400
51.100
51.600
51.400
51.400
51.900
52.100
51.900
51.900
51.900
52.100
52.300
52.600
52.300
52.300
52.300
52.800
52.300
52.100
52.800
52.600
52.600
52.800
53.000
52.600
52.800
52.800
52.300
52.300
52.800
52.800
52.800
52.300
52.600
52.800
52.600
52.600
52.300
52.800
53.000
52.800
52.600
52.800
52.800
52.800
52.800
52.800
53.000
53.000
52.300
52.800
53.000
52.800
52.800
52.600
52.800
53.000
53.000
52.800
52.800
52.800
53.000
53.500
52.800
52.800
53.000
53.300
52.800
53.000
52.800
52.800
53.000
53.500
53.300
52.300
52.300
52.300
53.000
53.000
52.800
52.800
52.800
52.800
52.800
52.300
52.800
52.800
52.300
52.800
52.600
52.300
53.300
52.800
52.800
52.800
52.800
52.800
53.000
52.800
52.800
53.000
52.800
52.600
52.800
52.800
52.800
53.000
52.800
53.000
52.600
52.300
52.800
52.800
52.800
53.500
52.800
52.800
53.000
53.300
52.800
53.000
52.800
53.300
52.800
52.800
53.300
53.300
53.300
52.800
53.500
53.000
53.300
53.300
53.500
53.300
53.300
52.600
49.200
46.100
44.900
43.800
43.300
43.000
42.800
42.300
43.000
42.300
41.900
42.500
41.900
42.000
41.400
41.400
40.400
39.600
38.500
38.500
38.000
38.000
37.600
37.600
37.100
37.600
37.100
37.100
37.100
37.100
36.600
37.100
37.100
37.200
36.600
36.800
36.600
36.600
36.600
36.600
36.800
37.200
37.100
36.100
36.800
36.600
36.800
37.200
37.100
36.600
37.100
37.100
37.200
37.200
37.100
37.100
36.600
37.100
37.100
37.200
37.100
37.100
37.200
37.100
36.100
36.600
36.600
37.100
36.600
36.300
35.200
34.700
34.200
34.700
34.200
33.800
34.200
34.200
34.400
34.200
33.800
34.200
33.800
33.800
33.800
33.800
33.900
33.300
33.900
33.800
33.300
33.800
33.800
33.900
33.800
33.800
33.900
33.800
33.800
33.800
34.200
34.400
34.200
33.800
33.800
34.400
34.200
34.200
33.900
33.800
33.900
34.400
34.200
34.400
33.800
33.800
34.200
33.800
34.200
33.800
34.400
33.800
34.200
33.800
34.700
34.200
33.800
34.200
33.800
33.800
34.200
34.400
34.200
34.200
33.800
34.200
33.800
34.200
33.800
34.200
34.700
34.200
34.200
34.200
33.800
34.400
34.700
34.200
34.200
35.200
34.700
34.200
34.200
34.200
34.400
34.700
34.900
34.400
34.700
34.700
34.700
34.200
34.400
34.700
35.200
34.400
34.700
34.700
34.700
34.700
34.900
34.900
34.700
34.200
34.700
35.200
34.900
34.900
35.200
34.900
34.700
34.700
34.700
35.700
35.200
35.300
35.700
35.200
35.200
35.700
35.800
34.200
35.700
35.700
35.800
35.700
35.200
35.200
35.200
35.300
35.200
35.200
35.700
35.700
35.800
35.200
35.300
35.300
35.700
35.700
35.800
35.700
35.200
36.100
35.700
36.300
36.100
35.200
35.800
35.700
35.700
35.700
35.200
35.800
35.200
35.800
35.700
35.200
35.800
35.800
35.300
35.700
35.700
35.200
35.800
36.100
35.800
36.100
36.100
35.700
36.100
36.300
35.700
35.800
36.300
35.700
36.100
35.800
35.200
36.100
36.100
36.100
36.300
36.300
36.600
36.600
35.700
36.600
36.100
36.600
36.600
36.800
37.100
37.600
37.100
37.100
37.200
37.200
37.200
37.100
37.100
37.100
37.100
37.200
36.600
37.100
37.700
37.200
37.100
37.700
37.200
37.600
37.200
37.200
37.100
37.200
37.200
37.100
37.200
37.100
36.600
37.100
36.800
37.100
37.200
37.700
37.100
37.200
37.200
37.100
37.600
37.700
37.600
37.200
37.600
37.600
37.600
37.600
37.100
37.700
37.600
37.700
37.600
37.600
37.600
37.700
37.600
37.600
38.000
38.200
38.000
38.000
38.000
38.000
38.700
38.500
38.500
38.200
38.000
38.500
38.700
38.700
38.500
38.500
38.500
39.000
38.700
38.700
39.000
39.000
39.000
38.500
38.500
39.200
38.500
39.200
39.200
39.000
39.000
39.000
39.500
39.000
39.500
39.000
39.200
39.000
39.000
39.600
39.000
39.500
39.600
39.000
39.500
39.500
39.000
39.500
39.000
39.600
39.500
39.200
39.600
39.500
39.500
39.200
39.500
39.500
39.500
39.500
39.900
39.500
39.500
39.900
39.600
39.900
39.900
39.900
39.000
39.500
39.900
40.400
40.400
