78.500
78.500
78.500
78.250
78.500
78.250
75.250
75.500
75.750
75.250
75.250
75.250
75.250
75.500
75.000
75.250
75.500
75.250
75.250
75.000
75.000
75.000
75.250
75.250
75.000
75.250
75.500
75.500
75.250
75.750
75.750
75.750
76.250
76.250
76.500
76.750
77.250
78.000
78.000
78.000
79.000
79.500
79.750
79.750
80.750
81.250
82.250
82.750
83.000
84.500
85.000
85.250
86.000
86.750
87.750
88.250
90.000
90.750
91.750
92.000
93.500
94.500
95.500
96.250
97.500
98.250
99.750
100.500
101.750
102.750
104.000
105.250
106.250
107.750
109.000
110.000
111.500
112.750
113.750
115.250
116.500
117.750
119.500
120.750
122.000
123.000
124.500
126.250
127.750
128.750
130.250
131.500
133.250
135.000
136.250
137.750
139.250
141.000
142.000
144.000
145.250
146.500
147.750
149.750
150.250
152.500
154.250
155.500
157.250
158.750
160.000
161.500
163.000
164.500
166.000
167.500
169.000
170.250
172.000
173.500
175.250
176.750
178.250
179.500
181.250
182.250
184.250
186.000
187.500
188.750
190.500
192.000
193.250
194.750
196.250
198.250
199.750
201.000
202.750
203.750
206.000
207.000
208.500
210.250
211.750
213.250
214.750
216.500
217.750
219.250
220.750
222.250
224.000
225.250
226.750
228.250
230.000
231.250
233.000
234.250
236.000
237.250
238.750
240.250
241.750
242.750
244.750
246.250
247.750
249.500
250.750
252.250
253.750
255.250
256.500
258.000
259.500
261.000
262.500
264.000
265.000
266.750
268.250
269.500
271.000
272.750
273.750
275.250
276.750
278.000
279.500
281.000
281.750
283.500
285.250
286.500
288.250
289.500
290.250
292.250
293.750
294.500
296.250
298.000
299.250
300.500
305.250
306.250
307.500
309.000
310.500
311.750
313.250
314.500
315.750
317.000
318.250
320.000
321.250
322.500
324.000
325.250
326.500
327.750
329.250
330.500
331.750
332.750
334.000
335.250
336.750
337.500
339.000
339.750
341.000
342.250
343.000
344.250
345.250
346.250
347.250
347.750
348.750
350.000
350.500
351.750
352.750
353.250
354.750
355.250
355.500
356.500
357.000
358.000
358.500
359.250
359.500
360.500
361.000
361.000
361.750
362.750
362.500
363.250
363.250
364.000
364.500
365.250
365.000
365.500
365.500
365.500
366.250
366.250
366.500
366.500
367.000
366.750
367.500
367.000
367.250
367.250
367.750
367.750
367.500
368.000
368.000
368.000
367.500
367.750
368.000
367.250
367.250
367.750
367.750
367.250
367.250
367.500
367.500
367.000
367.250
366.500
366.750
366.500
365.750
366.250
366.250
365.750
365.250
365.250
365.250
365.250
364.750
364.750
364.000
364.000
364.000
363.250
363.250
363.250
362.500
362.500
362.250
361.750
361.750
361.000
360.500
361.000
360.500
360.250
359.500
359.750
358.750
358.750
358.500
358.000
358.000
357.750
357.000
357.000
356.250
356.000
355.750
355.500
354.750
354.750
354.250
354.000
353.500
353.250
353.000
352.500
351.500
351.500
351.250
351.000
350.750
350.250
349.500
349.500
349.250
348.750
348.250
348.000
347.750
347.500
346.750
346.250
346.000
345.500
344.750
344.750
344.250
344.000
343.750
343.000
342.750
342.250
342.000
341.250
340.750
340.750
340.250
339.750
339.500
339.250
338.750
338.250
337.750
337.500
337.000
336.750
336.250
336.250
335.500
335.000
334.500
334.000
333.750
333.250
333.000
332.250
332.500
331.750
331.250
330.500
330.500
329.750
329.500
329.250
328.750
328.750
328.000
327.750
326.750
326.750
326.250
326.000
325.500
324.750
324.750
324.000
324.000
324.000
323.250
322.750
322.000
321.500
321.250
321.000
320.750
320.000
320.000
319.750
319.250
318.750
318.000
318.000
317.750
317.000
316.250
316.250
315.750
315.500
315.000
314.750
314.500
313.500
313.750
313.000
312.750
312.750
312.500
311.500
311.250
311.000
310.750
310.250
309.750
309.000
309.000
308.250
308.250
308.000
307.500
307.000
306.750
306.250
305.750
305.500
305.500
304.750
304.250
304.250
303.500
303.000
302.500
302.250
302.250
302.000
301.500
300.750
300.500
300.500
300.000
299.750
299.250
299.000
298.750
298.000
298.000
297.250
297.000
297.000
296.250
296.000
295.750
295.250
294.500
294.750
294.250
294.000
293.250
293.000
292.750
292.750
292.250
291.250
291.250
291.000
290.500
290.000
289.500
289.000
289.250
288.500
288.250
288.250
287.750
287.750
287.250
286.500
286.000
286.250
285.750
285.250
285.250
284.250
284.500
283.750
283.750
283.250
282.500
282.250
282.000
282.000
281.750
281.250
281.000
280.250
280.250
280.000
279.500
279.250
279.250
278.500
278.250
278.000
277.250
277.500
276.750
276.750
276.000
276.000
275.750
275.500
275.000
274.750
274.000
274.000
273.750
273.750
273.000
272.750
272.000
272.000
272.000
271.500
270.750
270.250
270.000
270.000
269.750
269.500
269.000
268.750
268.750
268.500
268.000
267.750
267.500
267.000
266.500
266.250
266.000
265.250
265.250
265.250
264.250
264.250
264.000
263.750
263.500
263.250
263.000
262.500
262.250
261.750
261.250
261.000
260.250
260.000
259.500
259.250
259.250
259.000
258.500
258.000
257.750
257.250
256.750
256.750
256.250
255.750
255.500
254.750
254.750
254.500
254.000
253.500
253.250
252.250
252.250
251.750
251.750
251.250
250.750
250.500
249.500
249.500
249.250
248.500
248.250
247.750
247.500
247.250
246.750
246.500
245.750
245.750
245.000
244.750
244.500
244.000
243.000
242.500
242.750
242.500
242.000
241.500
241.250
240.500
240.250
239.750
239.750
239.000
238.250
238.000
238.000
237.250
236.750
236.250
235.750
235.750
235.250
234.750
234.500
233.750
233.750
233.250
232.750
232.250
232.000
231.250
231.000
230.250
230.500
230.000
229.500
229.000
228.000
228.000
227.500
227.250
227.000
226.000
226.250
225.750
225.250
225.000
224.250
223.750
223.750
222.750
222.750
221.750
222.000
217.000
218.000
215.750
215.750
216.750
214.000
216.000
214.000
213.500
215.000
214.250
212.000
212.750
212.750
212.750
212.500
211.750
211.750
211.250
210.500
210.750
209.750
209.000
209.250
209.250
209.000
209.500
208.750
208.750
209.000
208.500
208.750
208.750
208.500
208.500
209.000
208.750
208.750
209.000
209.250
209.500
209.500
209.500
209.750
209.750
210.500
210.750
211.250
211.250
212.000
212.500
212.750
213.250
213.750
214.250
214.250
215.500
216.000
216.500
216.750
217.500
218.000
219.000
219.500
219.750
220.750
221.250
221.500
223.000
223.750
224.500
225.250
226.000
226.750
227.500
228.250
229.250
229.750
230.750
231.250
232.500
233.250
233.750
235.250
235.500
236.750
237.000
238.250
239.500
240.500
241.500
242.000
243.000
243.750
245.000
246.000
247.000
247.750
248.750
249.750
250.750
251.750
252.750
253.750
254.750
255.500
256.500
257.500
258.500
259.250
260.750
261.750
262.250
263.000
264.500
265.750
266.000
267.500
268.750
269.750
270.500
271.750
272.750
272.750
274.750
275.750
276.750
277.750
278.500
279.750
280.500
282.000
283.000
283.250
284.750
285.750
286.250
287.750
288.500
289.500
290.500
291.750
292.500
293.250
294.500
295.000
296.750
297.500
298.750
299.750
300.750
301.750
302.500
303.750
304.750
305.750
306.250
307.250
308.500
309.500
310.500
310.750
312.250
312.750
314.000
315.250
316.500
317.250
318.250
319.250
319.500
320.500
322.250
323.000
324.250
325.000
325.500
326.500
327.500
328.250
329.250
330.750
331.250
331.750
332.750
334.500
334.500
335.500
336.750
337.750
338.500
339.750
340.250
341.500
342.250
342.750
343.250
345.250
346.000
346.500
347.500
348.000
349.250
350.000
350.750
352.000
353.000
353.000
354.750
355.250
356.000
356.750
357.000
358.750
359.250
360.000
361.250
361.750
362.250
363.750
364.750
365.250
366.250
366.250
367.750
368.500
369.250
369.750
373.750
375.000
375.250
376.250
377.500
377.500
378.750
379.250
379.750
380.750
381.500
382.250
382.750
383.250
384.000
384.750
386.000
386.500
387.000
387.500
388.250
388.500
390.000
390.000
391.000
391.250
391.750
391.750
392.500
393.000
393.750
393.750
394.250
394.500
395.250
395.250
395.250
396.000
396.250
396.500
396.750
396.500
396.750
397.250
397.000
397.500
397.500
397.750
397.500
397.750
397.750
397.750
398.000
397.500
397.750
397.250
397.250
397.250
397.250
397.250
396.500
396.250
396.000
396.000
395.500
395.750
395.500
395.250
395.000
394.750
394.500
394.000
393.500
393.000
392.750
