18.000
18.000
18.000
18.000
18.000
18.000
18.000
18.000
18.000
18.000
18.000
18.000
18.000
18.000
18.500
18.500
18.500
18.000
19.400
20.800
21.800
22.800
23.300
24.600
24.200
22.700
21.800
21.400
20.300
19.900
19.900
19.900
19.500
19.400
19.500
19.000
18.900
18.900
19.400
18.900
19.000
18.900
18.900
18.900
18.900
18.900
18.500
18.400
19.000
19.000
18.900
18.400
18.400
18.500
18.900
19.000
18.400
19.000
18.500
18.400
19.000
18.900
19.000
18.000
18.500
18.500
18.400
18.400
18.400
19.000
19.000
18.500
18.900
18.500
18.500
18.400
19.000
18.500
18.900
19.000
18.500
19.000
18.400
19.000
18.900
18.400
19.500
19.500
18.900
19.000
19.400
19.400
19.400
19.500
19.400
19.900
19.900
19.400
19.400
19.500
19.400
19.900
19.900
19.900
19.900
19.900
19.900
19.900
19.900
20.400
19.900
20.400
20.400
20.300
20.400
20.400
20.300
20.400
20.400
20.300
20.900
20.900
20.800
20.900
20.800
20.800
21.400
20.900
20.800
20.400
20.900
20.800
20.900
20.900
21.400
20.900
21.300
20.800
21.400
20.800
21.400
20.900
21.400
21.400
21.900
21.300
21.400
20.900
21.400
21.800
21.300
21.400
21.300
21.900
21.300
21.300
21.900
21.800
21.800
21.900
20.900
21.800
21.800
21.800
22.200
21.900
22.300
22.200
22.200
22.300
22.800
22.800
22.800
21.800
22.800
22.300
22.300
22.300
21.900
22.300
22.300
22.800
22.700
22.300
22.800
22.700
22.800
22.800
22.700
22.800
22.800
22.700
22.700
22.700
22.700
22.800
22.800
22.800
23.300
22.800
22.700
23.200
22.700
23.300
22.800
22.800
23.200
22.800
23.200
22.800
22.800
22.800
23.200
22.800
22.700
23.300
23.300
23.200
23.300
23.200
23.200
23.700
23.300
23.800
23.200
23.200
23.700
23.200
23.800
23.200
23.200
23.700
23.800
23.800
23.800
23.700
23.800
23.300
23.800
23.700
23.700
24.200
22.800
24.200
23.800
24.100
24.200
23.800
24.200
23.800
23.800
24.100
24.200
24.200
24.200
24.200
24.200
24.100
24.700
24.600
24.100
24.600
24.100
24.600
25.100
24.700
24.600
25.200
25.200
25.100
24.700
25.100
25.100
24.200
25.200
25.100
25.100
25.100
25.600
25.100
25.100
25.600
25.100
25.600
25.600
25.600
24.700
25.600
25.600
25.700
25.700
25.700
26.100
26.000
26.000
26.100
25.600
26.100
26.000
25.600
26.100
26.000
26.500
26.000
26.100
26.000
26.500
26.600
26.500
27.100
26.500
26.600
27.100
26.600
27.000
26.600
27.100
26.000
26.600
27.100
27.100
27.100
27.600
27.000
26.600
26.600
27.100
27.100
27.100
27.300
26.900
26.900
26.900
27.400
27.000
27.400
27.000
27.600
27.600
27.100
26.500
27.400
27.600
27.600
28.000
27.600
28.000
27.900
27.900
28.000
27.900
28.500
28.400
28.400
28.400
28.500
27.900
28.500
29.000
29.000
28.500
29.000
28.500
29.000
28.900
29.300
29.000
29.500
29.000
29.500
29.000
29.000
29.500
29.000
29.500
29.500
29.000
29.800
29.500
29.900
29.900
29.900
29.500
29.900
29.000
29.500
29.800
29.900
29.900
30.300
29.900
30.400
29.800
30.400
30.400
29.900
29.900
29.900
30.400
30.400
30.400
30.900
30.900
30.900
30.400
30.900
30.400
30.900
30.900
30.900
30.900
31.400
31.400
31.400
31.400
30.900
31.400
31.400
31.900
31.200
31.900
31.900
31.900
31.900
32.300
31.900
32.300
32.300
32.300
32.800
32.300
32.300
32.300
31.900
32.700
32.800
32.800
32.800
32.300
33.300
33.300
32.800
33.300
33.300
33.300
33.300
33.300
33.300
33.800
33.800
33.800
33.800
33.800
33.800
33.800
34.200
34.200
33.800
34.200
33.800
34.200
33.300
33.300
32.700
32.800
32.800
32.300
32.800
32.300
32.200
32.300
31.900
31.400
31.900
31.400
31.400
31.400
31.400
31.400
30.900
29.900
30.900
30.900
31.400
30.900
30.400
30.400
30.400
29.900
29.900
30.400
30.400
30.400
29.900
29.900
29.900
29.900
29.500
29.000
29.500
29.900
29.500
29.000
28.900
29.000
29.500
29.000
29.000
29.000
29.000
28.500
28.000
28.500
29.000
28.500
29.000
27.600
28.500
28.500
29.000
28.500
28.500
28.000
27.600
28.000
28.500
28.000
28.000
28.000
27.600
27.600
27.600
27.600
28.000
27.600
27.600
27.600
27.100
27.600
27.600
27.600
27.100
27.100
27.600
27.600
27.100
26.600
27.400
27.100
27.600
26.600
27.100
27.100
27.100
26.600
27.100
27.000
26.600
27.100
26.500
26.600
26.600
26.500
25.700
26.100
26.600
26.600
26.100
26.600
26.100
26.100
26.100
26.100
26.600
26.100
26.100
26.600
26.100
26.600
26.100
25.700
25.700
26.100
26.000
26.100
26.100
26.100
26.100
26.100
26.100
26.100
25.700
26.100
26.100
26.100
26.100
25.700
25.700
26.100
25.700
25.700
25.700
25.200
25.700
25.700
25.700
25.700
24.700
25.700
25.700
25.200
25.700
25.700
25.200
25.700
25.700
25.200
25.700
25.200
25.200
24.700
25.700
25.200
25.200
25.200
24.600
25.200
25.200
25.200
24.700
25.700
25.200
25.200
25.100
25.200
24.700
25.200
25.200
24.200
24.700
25.700
25.200
25.200
25.200
24.700
24.700
25.200
25.200
25.200
24.600
25.200
24.700
25.200
24.700
24.700
24.700
24.200
24.700
24.700
24.700
24.700
25.200
25.200
25.200
23.800
24.700
24.700
24.700
24.700
24.200
24.700
24.700
24.700
24.700
23.800
24.700
24.700
24.700
24.700
24.700
24.700
24.700
24.700
24.700
24.700
24.700
24.700
24.200
24.700
24.700
24.700
24.700
23.800
24.700
24.200
24.700
24.700
23.800
24.200
24.700
24.700
24.700
24.700
24.200
24.700
24.700
24.200
24.200
24.200
24.200
23.300
24.200
24.700
24.700
24.700
24.700
24.700
24.700
24.200
24.200
24.200
24.100
24.700
24.200
24.200
24.100
24.200
24.200
24.200
24.200
24.200
24.200
24.200
24.200
24.200
24.200
23.800
24.200
24.200
24.100
24.200
24.700
24.700
24.200
24.200
24.100
23.800
24.200
24.200
24.200
24.200
24.200
24.200
24.200
24.200
24.200
24.200
23.800
23.800
23.300
24.200
24.200
24.200
24.200
24.200
24.200
24.200
24.200
24.200
24.200
24.200
24.200
24.200
23.800
24.200
24.200
24.200
23.800
24.200
24.200
23.800
24.200
23.300
24.200
24.200
24.200
23.800
23.300
24.200
23.800
24.200
24.200
22.800
24.200
24.200
23.800
24.200
23.800
23.800
23.800
24.200
23.800
23.800
23.800
23.800
23.800
23.800
23.800
23.800
24.200
24.200
23.800
23.800
23.800
24.200
24.200
23.800
24.200
23.800
24.200
23.800
23.800
23.800
23.800
23.800
23.800
23.800
23.800
23.800
24.200
23.800
23.300
23.800
23.800
24.200
24.200
23.300
23.800
23.800
23.800
23.800
24.200
23.800
23.800
23.300
23.800
23.800
23.800
23.300
23.300
23.300
23.300
23.800
23.800
23.800
23.800
23.800
23.800
23.800
23.800
23.800
23.300
23.700
23.800
23.800
23.300
22.800
23.800
23.800
23.800
23.800
23.800
23.800
23.300
23.800
23.800
23.800
23.300
23.800
23.300
23.800
23.800
23.300
23.300
23.300
23.800
23.800
23.300
23.800
23.800
23.300
23.800
23.800
23.800
23.800
23.800
23.800
23.300
23.800
23.800
23.800
23.800
23.800
23.800
23.800
23.800
23.800
22.800
23.800
23.800
23.800
23.300
22.800
23.800
23.800
23.300
23.800
23.800
23.800
23.800
23.800
23.800
23.800
23.300
23.300
23.300
23.800
23.800
23.800
23.800
23.300
23.300
23.800
23.300
23.300
23.800
23.800
23.800
23.300
23.800
23.800
23.800
23.800
22.800
23.300
23.300
23.800
23.800
23.300
23.800
23.700
23.800
23.800
23.800
23.800
23.300
23.800
23.300
23.800
23.300
23.300
23.300
23.800
23.300
23.300
23.800
23.300
23.800
23.800
23.300
23.800
23.800
23.800
23.300
23.300
23.300
23.300
23.800
23.300
23.800
23.300
23.300
23.800
23.800
23.800
23.800
23.800
23.800
23.800
23.800
23.300
23.300
23.300
23.300
23.300
23.200
23.800
23.800
23.300
23.300
