205.250
205.000
204.750
204.250
204.500
204.000
203.250
203.750
203.500
203.000
202.500
202.500
202.250
201.750
201.750
201.500
201.250
200.750
201.000
200.500
200.250
199.750
199.750
198.750
199.000
199.000
198.500
198.250
198.250
197.750
197.750
197.250
197.000
197.000
197.000
196.750
196.250
196.000
195.250
195.250
195.250
195.000
194.750
195.000
194.750
193.750
193.750
193.750
193.250
193.500
193.000
193.000
192.000
192.250
192.000
192.000
191.500
191.500
191.250
190.750
190.500
189.750
190.000
190.000
189.750
189.750
189.250
189.250
189.250
189.000
188.750
188.250
188.250
187.500
187.750
187.500
187.250
187.000
186.750
186.500
186.250
186.000
186.250
186.250
186.000
185.500
185.000
185.000
184.750
184.750
184.250
184.500
184.000
184.000
183.750
183.750
183.250
183.000
183.000
182.750
182.000
182.000
181.750
182.000
181.750
181.250
181.500
181.250
181.000
180.750
180.500
180.250
180.000
180.000
179.750
179.250
179.500
179.250
178.750
178.500
178.500
178.000
178.250
178.000
177.500
177.750
177.000
177.250
177.000
176.750
176.250
176.500
176.250
176.000
175.750
175.500
175.500
175.000
175.250
174.750
174.500
174.250
174.500
173.750
174.000
173.750
173.500
173.000
173.250
172.750
172.500
172.500
172.500
172.250
172.000
171.750
171.750
171.500
171.250
171.000
171.000
170.750
170.750
170.250
170.500
170.000
169.750
169.250
169.500
169.250
169.000
169.000
169.000
168.500
168.000
168.250
168.000
167.750
167.750
167.500
167.250
167.000
167.000
166.750
166.000
166.500
166.250
166.250
166.000
165.750
165.000
165.000
165.250
165.000
164.750
164.750
164.500
164.500
164.000
164.000
163.500
163.250
163.250
163.500
163.250
162.500
162.750
162.250
162.500
162.250
162.000
161.750
161.500
161.500
161.500
161.250
160.500
161.000
160.750
160.500
160.000
160.250
159.500
159.250
159.500
159.250
159.000
159.000
159.000
158.500
158.500
158.250
157.750
158.000
158.000
158.000
157.500
157.250
156.750
157.250
156.750
157.000
156.750
156.250
156.500
155.500
155.500
155.250
155.000
155.500
155.000
155.000
155.000
154.750
154.500
154.750
154.250
154.000
154.000
153.500
153.750
153.250
153.000
153.000
153.000
153.000
152.500
152.500
152.250
152.500
152.750
152.500
152.250
152.250
152.000
151.750
152.000
151.250
151.750
151.750
151.500
151.500
151.250
151.000
151.000
150.750
150.250
150.250
149.500
149.750
149.500
149.500
149.250
149.250
148.750
148.500
148.750
148.250
148.250
148.250
148.000
148.000
147.750
147.250
147.250
147.000
146.500
147.000
147.000
146.750
146.500
146.250
146.000
145.750
146.000
145.500
145.250
145.000
145.250
144.750
144.750
145.000
144.000
144.500
144.000
144.000
143.250
144.000
143.750
143.500
143.250
143.250
142.500
143.000
142.000
142.500
142.500
142.250
142.250
142.000
141.750
141.250
141.250
141.250
141.000
141.000
141.000
140.000
140.500
140.500
140.250
140.250
139.750
139.500
139.750
139.250
139.250
139.250
139.250
139.000
138.750
138.500
138.500
138.250
138.000
138.000
137.500
138.000
138.000
137.750
137.250
137.500
137.250
137.000
137.250
136.250
136.500
136.250
136.250
136.250
135.500
136.000
135.750
135.750
135.500
135.500
135.000
135.000
135.000
134.500
135.000
134.500
134.750
134.250
134.500
134.250
134.250
134.000
133.750
133.500
133.250
133.250
133.250
133.500
133.000
133.000
132.750
132.750
132.500
132.500
132.250
132.250
132.000
131.750
131.500
131.750
131.500
131.250
131.250
131.000
131.000
130.750
130.250
130.500
130.500
130.250
130.250
130.250
130.000
129.750
129.750
129.500
129.750
129.250
129.000
129.000
128.500
128.750
128.500
128.750
128.500
128.250
127.750
127.750
128.000
128.000
127.750
127.500
127.250
127.000
127.000
127.000
127.000
126.250
126.750
126.500
126.500
126.500
125.750
126.000
125.750
126.000
125.750
125.250
125.250
125.000
125.250
124.750
124.750
124.500
124.500
124.750
124.500
124.250
123.750
123.750
124.000
123.750
123.500
123.250
123.250
123.250
123.000
122.750
122.750
122.750
122.500
122.000
122.000
122.250
122.250
122.000
122.000
121.750
122.000
121.500
121.750
121.250
121.250
120.750
120.750
121.000
120.500
120.750
120.750
120.500
120.500
120.250
120.250
120.000
120.250
119.750
120.000
119.500
119.250
119.750
119.250
119.250
119.250
119.000
118.500
118.500
118.250
118.500
118.000
117.750
118.250
118.250
117.750
117.750
117.750
117.250
117.500
117.500
117.250
117.250
117.250
117.000
117.000
116.750
116.250
116.500
116.500
116.250
116.250
116.250
115.750
115.750
115.500
116.000
115.750
115.250
115.500
115.500
115.000
115.000
115.250
115.000
115.000
114.750
114.750
114.500
114.500
114.250
114.000
114.250
114.250
114.000
114.000
113.750
113.500
113.250
113.250
113.250
113.250
113.250
112.500
112.750
112.750
112.500
112.250
112.500
112.000
112.250
111.750
111.500
111.750
111.250
112.000
111.250
111.250
111.000
111.250
111.250
110.750
110.750
110.750
110.500
110.500
110.750
110.500
110.500
110.250
110.250
109.750
110.000
110.000
109.500
109.250
109.500
108.750
109.500
109.000
109.250
109.250
108.750
109.000
108.750
108.750
108.750
108.250
108.250
108.500
108.500
108.250
107.750
108.000
107.750
108.000
107.750
107.250
107.500
107.000
107.250
107.250
107.000
106.750
107.000
106.750
106.500
106.750
106.500
106.500
106.250
106.000
106.000
106.000
105.750
105.250
105.750
105.750
105.500
105.000
105.500
105.500
105.250
105.000
105.000
105.000
105.000
104.750
104.750
104.750
104.250
104.500
104.000
104.250
103.750
104.000
104.000
104.000
103.750
103.750
103.750
103.500
103.500
103.500
103.250
103.250
102.500
103.000
102.750
102.750
102.750
102.750
102.500
102.500
102.250
102.500
102.250
102.250
102.250
102.000
102.000
101.750
101.750
101.750
101.250
101.000
101.500
101.250
101.250
101.250
101.000
101.000
100.750
101.000
100.750
100.750
100.750
100.250
100.250
100.500
100.250
100.250
100.250
99.750
100.250
100.000
99.500
99.750
99.500
99.500
99.500
99.000
99.500
99.250
98.750
99.000
99.000
99.000
98.750
99.000
98.750
98.500
98.500
98.500
98.500
98.250
98.250
98.500
98.000
98.000
98.000
98.000
97.750
97.750
97.500
97.500
97.250
97.250
97.250
97.250
97.250
97.250
97.000
97.000
97.000
97.000
96.500
95.750
96.500
95.750
96.500
96.750
95.750
95.500
96.250
96.000
96.000
96.000
95.250
95.750
95.500
95.500
95.500
95.000
95.500
95.000
94.750
94.500
95.000
94.500
95.000
94.750
94.250
94.750
94.500
94.500
94.250
94.250
94.250
94.250
94.250
94.000
93.750
93.750
93.750
93.750
93.500
93.750
93.250
93.500
93.250
93.250
93.000
93.000
93.000
92.750
93.000
92.250
92.500
92.750
92.500
92.500
92.500
92.500
91.750
91.750
92.250
92.000
92.000
92.000
91.750
91.750
91.750
91.500
91.500
91.500
91.500
90.750
91.000
91.250
91.250
90.750
91.000
90.750
90.750
90.750
90.500
90.250
90.500
90.250
90.250
90.250
90.250
90.000
89.500
90.000
90.000
89.750
89.750
89.500
89.750
89.500
89.250
89.500
89.500
89.250
89.250
88.750
89.000
89.000
88.500
88.750
88.750
88.500
88.500
88.500
88.500
88.000
88.250
88.250
87.750
88.250
88.000
88.000
87.250
87.500
87.750
87.500
87.500
87.500
87.500
87.500
87.250
87.250
87.500
87.000
87.000
86.750
86.750
86.500
86.750
86.750
86.750
86.500
86.750
86.250
85.750
86.250
86.250
86.250
85.750
86.000
85.750
85.750
86.000
85.500
85.500
85.500
85.000
85.250
85.250
85.250
84.750
85.250
85.250
85.000
85.000
85.000
84.750
84.750
84.750
84.750
84.750
84.250
84.500
84.500
84.000
84.500
84.250
83.750
84.000
84.000
84.250
84.000
83.250
83.750
83.250
83.750
83.000
83.500
83.500
83.000
83.250
83.250
83.250
83.000
83.000
82.500
82.750
83.000
83.000
82.750
82.750
82.500
82.500
82.500
82.500
82.250
82.250
82.500
82.250
82.000
82.000
82.000
82.000
81.500
81.750
81.750
81.500
81.500
81.250
81.500
81.500
81.250
81.500
81.250
81.250
81.250
81.000
81.000
81.000
80.500
80.500
80.500
80.750
80.250
80.500
80.250
80.000
80.250
80.500
80.500
80.500
80.250
80.250
80.000
80.000
