49.250
49.250
48.750
49.750
49.750
45.500
45.750
45.000
45.500
45.750
45.750
45.250
45.000
45.250
45.500
45.000
45.000
45.750
45.750
45.750
45.750
45.250
45.750
46.000
46.000
45.750
46.000
46.250
46.000
46.500
46.500
47.000
47.000
47.250
47.500
48.000
48.750
49.000
49.500
50.000
50.250
51.000
51.250
51.750
52.250
53.250
54.250
54.250
55.750
56.500
57.500
58.250
59.500
60.500
61.250
62.250
63.250
64.750
65.500
66.250
67.750
68.250
69.750
71.000
72.750
74.000
75.000
76.250
77.750
78.500
80.000
81.750
83.500
84.250
86.250
87.500
88.000
88.000
91.500
92.500
94.500
96.250
97.750
98.500
100.750
102.000
104.000
105.250
106.750
108.750
110.000
111.750
113.500
115.000
116.500
118.000
119.750
121.250
123.000
124.500
126.500
128.000
129.750
130.500
132.750
134.250
134.750
137.250
139.500
140.500
142.500
144.000
145.750
147.250
148.750
150.750
152.250
154.000
155.000
157.000
158.750
160.250
161.500
163.250
164.750
166.500
168.250
170.000
171.250
172.750
174.250
175.250
177.250
179.250
180.500
181.750
183.000
185.000
186.250
187.750
188.750
190.500
192.000
194.000
195.500
197.000
198.250
200.000
201.500
202.750
204.750
205.500
207.250
208.750
210.750
211.750
213.000
214.500
215.500
217.750
219.000
220.750
222.250
223.250
224.750
226.250
227.500
228.500
230.250
232.000
233.500
234.750
236.250
237.500
239.000
240.250
241.750
243.000
244.000
245.750
247.500
248.250
249.750
249.750
252.500
254.000
255.250
256.250
257.250
259.250
260.500
262.000
263.250
264.500
265.500
267.250
268.250
269.500
271.250
272.250
273.500
274.750
276.500
277.500
279.000
279.750
280.750
282.000
283.750
285.000
286.250
287.250
286.750
290.000
290.750
292.000
293.500
294.750
295.750
297.250
298.000
298.750
300.500
302.000
302.500
304.250
305.250
306.750
308.000
309.000
310.000
311.500
312.250
313.250
314.750
316.000
317.000
318.000
319.250
320.250
321.000
322.500
323.250
324.750
325.750
327.000
327.750
329.000
329.750
331.000
332.250
333.250
334.750
335.250
336.500
337.250
338.250
338.750
340.000
341.500
342.500
343.750
344.250
345.500
346.750
347.750
348.250
349.250
350.500
351.250
352.250
353.250
354.250
355.000
356.000
357.250
357.500
359.250
360.000
361.250
362.000
362.750
364.000
365.000
365.250
366.250
366.750
368.500
369.250
368.000
371.000
371.500
372.500
373.750
374.750
375.250
376.000
377.000
378.000
378.750
379.750
380.750
381.250
381.500
383.000
383.750
384.750
385.500
386.000
387.000
387.750
388.500
389.250
390.500
391.250
391.750
392.250
394.000
392.250
394.750
394.750
396.750
397.500
398.250
398.500
399.500
400.750
401.250
401.500
401.500
402.750
403.250
404.500
405.500
405.750
406.250
407.000
408.000
408.750
410.250
410.750
411.500
412.000
412.500
413.500
414.250
414.500
415.500
416.000
416.750
417.500
418.250
418.250
419.250
420.000
420.750
421.250
422.000
422.500
423.500
423.500
424.750
425.250
426.000
426.750
427.000
427.500
428.000
429.000
429.250
430.000
430.500
431.250
431.750
432.750
433.250
433.750
434.500
435.250
435.250
436.000
436.750
437.500
437.750
438.500
439.250
439.750
440.000
440.750
441.250
441.750
442.250
443.000
443.500
443.750
443.250
444.750
445.500
445.750
446.000
446.750
447.000
448.000
448.750
448.750
449.250
450.000
450.500
450.750
451.500
452.000
452.500
452.750
453.500
454.000
454.250
455.000
455.000
455.750
456.250
456.500
457.000
457.750
458.000
456.500
459.000
459.250
463.750
464.500
465.000
465.000
465.750
465.750
466.500
467.000
467.250
467.750
468.250
468.250
468.750
469.500
469.750
469.500
470.000
470.250
470.750
471.250
471.750
472.250
472.250
472.750
472.750
472.750
473.000
473.000
473.500
473.750
474.000
473.750
473.750
474.000
474.000
474.000
474.500
474.250
473.750
473.250
474.000
473.500
473.000
473.250
473.500
473.250
472.750
472.750
472.500
472.000
471.750
471.750
471.250
471.000
471.000
470.250
469.500
469.500
469.000
469.250
468.750
468.250
467.750
467.500
467.000
466.750
466.000
465.250
465.000
464.500
464.000
463.250
462.750
462.500
461.000
461.000
460.750
459.500
459.250
458.500
458.250
457.500
456.750
456.500
455.750
455.000
453.750
453.500
453.000
452.250
451.750
450.750
450.250
449.500
449.000
448.250
447.750
447.000
446.250
445.000
444.750
444.000
443.500
442.750
442.000
440.750
440.500
438.500
438.750
437.750
437.500
436.750
436.000
435.250
434.500
433.500
433.000
432.000
431.000
430.750
429.750
429.250
427.750
427.250
426.500
426.000
425.250
424.750
423.500
423.000
422.250
421.500
420.750
420.000
419.000
418.000
417.500
416.750
416.000
415.250
414.250
413.750
413.000
412.500
411.000
410.750
409.750
409.000
408.500
407.750
406.750
406.250
405.250
404.750
404.000
403.000
402.000
401.500
400.750
400.000
399.750
398.000
397.750
397.000
396.250
395.500
394.750
394.000
393.000
392.250
391.250
390.500
390.000
389.500
388.250
387.750
387.000
386.000
385.500
384.750
383.750
383.500
382.500
381.750
381.250
380.250
379.750
379.000
378.250
377.500
376.750
376.000
375.750
374.250
374.000
373.500
372.500
372.250
371.250
370.500
369.750
369.250
368.500
368.000
367.250
366.750
365.250
365.250
364.500
363.500
363.000
362.250
361.750
361.000
360.250
360.000
359.000
358.000
357.250
357.000
356.000
356.000
355.500
354.750
353.500
353.000
352.750
352.250
351.000
350.500
350.250
349.250
349.000
348.000
347.250
346.750
345.500
345.500
344.500
344.250
343.750
343.000
342.500
342.000
341.250
340.500
340.250
339.250
338.750
338.250
337.500
337.250
336.500
336.000
335.250
334.750
334.500
333.500
333.000
332.500
331.750
331.500
330.250
330.250
329.500
329.000
328.500
327.750
327.500
326.500
326.250
325.750
324.500
324.500
324.000
323.250
322.750
321.750
321.500
321.250
320.750
319.750
319.750
319.500
318.500
318.000
317.500
317.000
316.500
316.250
315.000
314.250
314.750
313.750
313.500
313.000
312.250
311.500
311.500
311.000
310.500
310.000
309.500
309.000
308.000
307.750
307.250
306.750
306.250
305.750
305.250
304.750
304.250
304.000
303.500
302.500
302.250
301.750
301.250
300.750
300.250
299.750
299.250
299.000
298.500
298.000
297.500
296.750
296.250
296.000
295.500
295.000
294.750
293.750
293.750
293.000
292.500
292.250
291.750
291.250
290.500
290.250
290.250
289.500
289.000
288.250
288.000
287.500
286.750
286.750
286.000
285.750
285.250
284.750
284.500
284.000
283.750
283.000
282.750
282.250
281.750
281.500
280.750
280.250
280.000
279.500
278.750
278.750
278.500
278.000
277.500
277.000
276.750
276.250
276.000
275.250
275.000
274.500
274.250
273.750
273.250
273.000
272.500
272.000
271.750
271.250
270.750
270.500
269.750
269.750
269.250
268.250
268.500
268.000
268.000
267.250
267.000
266.500
266.000
265.750
265.250
265.000
264.500
264.250
263.500
263.500
263.000
263.000
262.250
261.500
261.500
260.750
260.750
260.500
259.750
259.500
259.500
259.000
258.750
258.250
257.500
257.500
257.250
256.250
256.250
255.500
255.250
255.250
255.000
254.750
253.750
253.500
253.500
252.750
252.250
251.750
252.000
251.750
251.250
250.500
250.250
250.250
249.500
249.000
249.250
248.500
248.250
247.500
247.500
247.500
246.750
246.750
246.500
246.000
245.500
245.250
245.000
244.500
244.500
244.000
242.750
243.000
242.500
242.500
242.000
242.250
241.500
241.000
241.000
240.750
240.000
240.250
239.500
239.250
239.250
238.500
238.500
237.750
237.750
237.250
237.250
236.750
236.500
236.250
235.500
235.250
235.250
234.250
234.500
234.000
234.000
233.500
233.250
232.750
232.500
232.500
232.000
231.750
231.750
231.250
230.500
230.750
230.500
230.000
229.250
229.500
229.250
228.750
228.250
228.500
227.750
227.500
226.500
227.000
226.750
226.500
225.750
226.000
225.500
225.500
224.750
224.750
224.250
224.250
224.000
223.250
223.000
223.000
222.500
221.750
222.250
221.750
221.250
221.250
221.000
220.750
220.750
220.250
220.000
219.750
219.250
219.000
218.500
218.500
218.500
217.750
217.500
217.500
217.000
217.000
216.750
216.500
215.500
215.500
215.250
215.000
214.750
215.000
214.000
214.250
213.750
213.750
213.000
213.000
213.000
212.500
212.000
212.250
212.000
211.750
211.500
210.750
211.250
