36.600
36.600
36.100
36.100
35.700
36.100
36.100
36.600
36.600
36.600
37.100
37.100
38.000
38.000
38.000
37.100
37.600
37.600
37.100
37.600
37.600
38.000
38.500
39.000
39.000
39.500
39.000
38.500
38.500
38.500
38.500
39.000
38.500
38.500
39.000
39.000
39.000
39.000
39.000
39.000
39.000
38.500
38.500
39.000
39.000
39.000
39.900
40.400
40.900
41.400
40.900
40.900
40.400
40.400
40.400
39.900
39.900
40.400
40.400
39.900
40.400
40.900
41.400
40.900
40.900
41.400
41.400
42.300
42.300
42.300
42.800
42.300
41.900
41.400
40.900
40.900
41.400
41.900
41.900
41.400
41.900
40.900
40.900
41.900
41.900
42.300
42.800
42.800
42.800
43.300
42.800
43.800
43.800
44.200
44.200
44.700
44.700
44.700
44.700
45.200
45.200
44.700
44.700
45.700
46.100
45.700
45.700
45.700
46.100
46.100
46.100
46.100
46.600
47.100
47.600
47.600
47.600
47.600
47.600
47.600
48.000
48.500
48.500
48.500
48.500
49.000
49.000
49.000
48.500
48.500
48.000
47.600
47.600
47.600
47.100
47.600
47.600
48.000
48.500
48.500
48.500
48.500
49.500
49.000
49.500
49.900
49.900
50.400
49.900
50.900
50.400
50.900
50.400
50.400
49.900
50.400
50.900
51.400
50.400
50.900
51.400
51.400
51.900
51.400
52.300
52.300
51.900
51.900
51.900
51.400
51.400
51.400
51.400
51.400
52.300
51.900
51.900
52.300
52.300
52.800
52.800
52.800
52.800
52.800
52.300
52.800
53.300
53.300
53.300
53.800
53.800
54.200
54.200
55.200
54.700
55.200
55.200
55.200
55.200
54.200
54.200
54.700
54.700
54.700
55.200
55.200
55.200
55.700
56.600
56.600
57.100
56.600
56.100
56.600
57.100
56.100
56.600
56.100
56.100
56.600
56.600
57.100
56.600
56.100
56.600
56.100
56.100
56.600
57.100
58.000
58.500
58.500
59.000
59.000
59.000
58.500
58.500
59.500
59.900
59.900
59.000
59.000
59.500
59.000
59.000
58.500
59.000
59.500
59.500
59.500
58.500
58.500
58.500
59.000
59.500
59.500
59.000
59.500
59.500
59.900
60.400
60.400
60.400
60.900
60.900
60.900
61.400
61.400
61.800
61.400
61.800
61.400
61.800
61.800
61.800
62.300
63.800
63.300
63.300
64.200
64.200
63.800
64.200
63.800
63.800
64.200
64.200
64.700
64.700
63.800
64.200
64.200
64.200
64.700
64.200
63.800
63.300
63.300
63.300
62.800
62.800
62.800
63.300
63.300
63.800
64.200
64.200
64.700
64.700
64.900
65.200
65.700
64.700
65.200
65.700
65.700
65.700
65.700
65.700
65.700
66.100
66.100
66.100
66.100
66.100
66.100
66.600
67.100
66.600
67.100
67.100
67.100
67.100
67.100
67.600
67.600
67.100
66.600
67.100
67.100
66.600
66.600
66.600
67.100
67.100
68.000
68.000
68.000
68.500
68.500
68.500
68.000
68.500
68.500
68.500
69.000
69.500
69.500
69.900
69.900
69.900
69.900
69.900
69.900
69.900
70.400
70.900
70.400
70.400
70.400
70.400
70.400
70.400
70.400
70.900
70.900
70.900
71.800
70.900
71.400
70.900
71.400
71.800
71.800
71.400
71.800
72.300
72.800
72.800
73.800
74.200
74.700
73.800
72.800
72.600
72.300
72.300
72.300
72.800
73.300
71.800
71.800
71.800
71.400
69.500
66.600
63.300
60.400
58.000
55.200
53.800
52.800
50.900
49.900
48.500
47.600
46.100
45.200
44.200
43.800
42.800
42.300
41.900
40.900
40.400
39.500
39.000
38.500
38.000
38.000
37.600
37.100
35.700
36.100
35.700
35.200
35.200
34.700
34.700
34.200
33.800
33.300
33.300
32.800
32.800
32.300
31.900
31.900
31.400
30.900
30.900
30.900
29.900
30.400
29.900
29.000
29.500
29.500
29.000
29.500
29.000
29.500
29.000
29.000
29.000
28.000
28.500
28.500
28.500
28.000
27.600
28.000
28.000
27.600
28.000
28.000
27.600
27.600
27.600
27.600
27.100
27.100
27.100
27.100
26.600
27.100
26.600
26.600
26.600
26.600
26.600
26.600
26.600
26.100
26.100
26.600
25.200
26.100
26.100
25.700
25.700
25.200
25.700
25.200
24.700
25.200
24.700
25.200
24.700
24.700
24.700
24.700
24.700
24.700
24.700
24.700
24.700
24.700
24.200
24.200
24.200
24.200
24.200
24.200
24.200
23.800
23.800
23.800
23.800
23.300
23.300
23.800
23.800
23.300
22.800
23.300
23.800
23.300
23.300
23.300
23.300
23.300
22.300
22.800
22.800
25.200
26.600
27.100
28.000
28.000
29.000
29.000
28.500
29.500
29.500
29.900
29.500
29.900
30.400
30.400
29.900
30.400
29.900
30.400
30.400
30.400
30.400
30.400
30.400
30.900
29.900
29.900
29.500
28.500
28.000
28.000
27.600
27.100
26.600
26.600
26.100
26.100
26.100
25.700
25.200
25.200
24.700
24.700
24.700
24.200
24.200
23.800
23.300
23.300
23.300
23.300
22.800
22.800
22.300
22.800
22.800
21.900
21.900
21.900
21.900
21.900
21.900
21.900
21.400
21.400
21.400
21.400
21.400
21.400
21.400
21.400
20.900
21.400
21.400
20.900
20.900
20.900
20.900
21.400
20.900
20.900
20.900
20.400
20.400
20.400
20.400
20.400
19.900
20.400
19.900
19.900
19.500
19.900
19.500
19.900
19.500
19.500
19.500
19.500
19.500
19.000
18.900
19.000
19.000
19.000
19.000
19.000
19.000
18.500
18.500
19.000
18.500
18.500
18.000
18.000
18.000
17.600
18.000
18.000
18.000
17.600
18.000
18.000
17.600
17.600
17.600
17.600
17.600
17.100
17.600
17.600
17.600
17.600
17.100
18.000
18.000
17.600
18.000
17.100
17.600
17.100
17.600
17.100
17.600
17.600
17.600
17.600
17.600
17.600
17.100
17.100
19.000
17.600
17.100
17.100
17.100
17.100
17.100
17.100
17.100
17.100
17.100
17.100
17.100
17.100
17.100
17.100
17.100
17.100
16.600
16.600
19.500
16.600
16.600
16.600
16.600
17.100
17.100
17.100
17.100
17.100
17.100
17.100
16.600
16.600
16.600
16.600
19.000
16.600
17.100
16.600
16.600
16.600
17.100
17.100
16.100
16.100
16.100
16.600
16.100
16.100
16.600
16.100
16.100
16.100
16.100
16.600
16.600
16.100
16.100
18.500
16.100
15.700
16.100
16.100
16.100
16.100
16.100
15.700
16.100
15.700
15.700
16.100
15.700
15.700
15.200
15.700
16.100
15.700
15.700
15.700
16.100
15.700
15.200
15.700
15.700
16.100
15.700
15.700
15.700
15.700
15.700
16.100
15.200
16.100
15.700
15.700
15.700
15.700
15.700
15.200
15.200
15.700
15.700
15.700
15.700
15.700
16.100
18.000
16.100
15.200
15.700
15.700
15.700
15.700
19.000
16.100
15.700
16.100
15.700
15.700
15.700
16.100
16.100
15.700
15.700
15.200
15.200
15.700
15.200
16.100
18.500
16.100
15.700
15.700
16.100
16.100
16.100
15.700
16.100
18.500
16.100
16.100
16.100
15.700
15.700
15.700
18.500
15.700
15.700
15.700
16.100
15.700
16.100
16.100
16.100
19.000
16.600
16.100
16.600
16.600
16.100
16.600
16.600
16.100
18.500
17.100
16.600
16.600
16.600
16.100
16.600
16.500
16.500
16.500
16.100
16.500
16.100
16.100
16.100
16.500
16.500
16.100
16.500
16.500
16.100
16.100
16.100
16.100
16.600
19.400
16.100
16.100
16.100
16.100
16.500
16.100
16.100
16.500
18.400
16.500
16.100
16.100
16.100
16.100
16.100
16.100
16.100
16.500
16.100
16.500
16.600
16.500
16.500
16.100
16.500
16.500
16.500
16.100
16.500
16.100
16.100
16.600
16.500
16.500
16.500
18.400
16.600
16.600
16.500
17.000
16.500
17.000
17.000
16.500
19.400
17.000
17.100
17.000
17.100
16.100
17.600
16.600
17.100
17.100
17.000
17.000
17.000
17.000
17.100
17.000
17.000
17.000
18.900
16.500
17.000
16.500
16.100
17.000
17.100
16.500
17.000
17.000
17.000
16.600
17.000
17.000
17.000
17.000
17.100
16.500
19.400
17.000
17.000
17.000
17.000
17.000
17.000
17.000
17.000
17.000
17.600
17.000
17.000
17.000
17.000
17.100
16.100
17.100
17.000
17.000
17.000
17.000
17.000
17.600
16.500
17.000
17.000
17.000
17.000
17.500
16.500
16.500
17.100
17.000
