219.750
220.750
221.750
221.250
223.250
224.000
225.000
225.750
226.250
226.750
228.000
228.000
229.250
230.000
231.000
231.750
232.250
232.750
233.750
234.500
235.250
236.000
236.500
237.500
237.750
238.500
239.250
240.000
240.750
241.500
242.000
242.750
243.500
244.250
244.500
244.750
245.500
246.750
247.500
248.000
248.250
249.250
249.500
250.500
249.250
251.500
252.250
252.750
253.750
253.500
254.750
255.250
255.750
256.250
257.000
257.250
257.750
259.000
258.750
259.500
260.250
260.750
261.500
261.500
262.250
262.750
262.750
263.750
264.000
264.500
265.500
266.000
266.250
264.500
267.500
267.750
268.250
268.500
269.250
270.000
270.250
270.750
271.250
271.750
272.250
272.500
273.000
273.250
273.750
274.500
275.000
275.250
275.500
276.000
276.250
276.750
277.500
277.750
278.000
278.750
279.000
279.250
280.000
280.250
280.250
281.250
281.500
282.000
282.250
282.750
283.250
283.500
283.750
284.250
284.750
285.000
285.500
285.750
286.250
286.500
286.750
287.000
287.750
288.000
288.250
288.250
289.000
289.000
289.500
289.750
290.500
290.500
290.750
291.250
291.750
292.000
292.250
292.750
293.000
293.000
293.750
294.000
294.000
294.500
294.750
295.250
295.250
295.500
295.750
296.250
296.250
297.000
296.750
297.000
297.250
298.000
298.000
298.500
298.500
298.750
299.250
299.500
299.250
300.000
300.500
300.750
301.000
300.750
301.250
301.500
301.750
301.750
302.500
302.250
302.750
303.000
303.500
303.500
303.750
302.250
304.250
304.250
304.500
305.000
305.000
305.250
305.500
306.000
305.750
306.500
307.000
306.750
306.500
307.250
307.250
307.000
308.250
308.250
308.250
308.500
308.250
308.750
309.000
309.500
309.250
308.750
309.750
309.500
309.750
310.000
308.500
311.000
310.500
310.500
310.750
310.750
311.500
310.500
312.250
312.500
312.500
313.000
313.000
312.750
313.250
313.500
313.250
314.000
313.500
313.750
314.000
313.750
313.750
312.750
314.000
314.500
315.250
315.250
315.000
315.500
315.750
315.250
315.750
315.750
316.250
316.500
316.000
316.750
316.750
316.750
317.000
317.250
317.250
317.000
317.750
317.500
317.500
318.250
318.250
318.250
318.250
318.500
318.750
318.750
319.000
319.500
319.000
319.000
319.250
319.250
319.250
320.000
319.750
320.000
320.000
320.000
320.000
320.250
320.000
320.250
320.750
321.000
321.000
320.750
321.250
319.250
321.000
321.250
321.750
321.500
321.500
322.000
321.750
322.000
322.000
322.250
322.500
322.750
322.750
322.250
322.500
322.750
323.000
322.500
323.000
323.000
322.750
323.250
323.250
323.250
323.250
323.500
323.750
323.750
322.750
323.750
324.000
324.250
324.250
324.500
324.250
324.500
324.500
324.500
324.500
324.750
324.500
325.000
325.000
325.000
324.750
325.250
325.250
325.500
325.750
325.500
325.500
325.750
326.000
325.750
325.750
326.000
326.000
326.000
325.500
326.000
326.250
326.500
326.000
326.250
326.500
326.500
326.500
326.750
326.750
326.750
326.500
327.000
327.000
326.500
327.000
327.000
327.000
327.000
327.250
327.250
331.750
331.500
331.500
331.750
331.750
331.500
331.750
331.500
331.750
331.750
332.000
331.750
331.500
331.500
331.500
331.750
331.750
331.500
331.500
331.000
331.000
331.000
331.000
330.750
330.250
329.500
330.250
329.750
329.500
328.750
329.000
328.750
328.250
328.000
327.250
327.000
326.750
326.000
324.750
324.250
323.500
323.250
323.000
322.250
321.500
320.750
320.000
318.500
318.500
318.000
317.250
316.500
316.000
314.250
314.250
313.750
313.000
312.000
311.500
310.750
310.000
309.250
308.250
307.750
306.750
306.250
305.250
304.750
304.500
303.500
302.750
302.000
301.500
300.750
300.000
299.250
298.000
297.750
296.750
296.000
295.500
294.500
293.500
293.000
292.750
292.000
291.000
290.500
289.750
289.000
288.000
287.250
286.500
285.500
284.750
283.750
282.750
282.250
281.000
280.250
279.750
278.750
277.250
276.500
275.750
275.000
273.750
273.500
272.250
271.000
270.250
269.500
267.750
266.750
265.750
265.250
263.500
263.000
262.250
261.000
260.000
259.250
258.000
257.250
256.250
255.000
254.250
253.000
252.000
251.000
249.750
248.750
248.000
247.000
245.750
245.000
243.750
242.500
241.500
240.750
239.750
238.250
237.500
236.500
235.750
234.250
233.500
232.000
231.000
230.500
229.000
228.000
226.750
226.000
225.000
223.750
222.750
222.000
221.250
219.750
218.750
218.000
216.500
215.750
215.000
213.500
213.000
211.500
210.750
210.000
208.750
207.750
207.000
206.250
205.000
203.750
202.750
202.250
201.500
201.000
200.000
199.000
197.750
197.250
196.500
195.500
194.500
193.500
192.750
191.750
190.500
189.500
189.000
188.000
187.000
186.250
185.000
184.500
183.250
182.750
181.500
180.750
180.500
179.500
178.250
177.000
176.500
175.250
174.750
173.750
172.750
172.250
171.500
170.750
169.750
169.000
168.500
167.500
167.250
166.500
165.750
164.750
164.500
163.750
162.750
162.250
161.750
161.500
160.500
159.750
159.500
158.250
157.750
157.500
156.750
156.500
156.000
155.500
154.750
154.000
153.750
153.250
152.000
151.250
151.500
150.500
150.000
149.500
149.000
148.000
147.750
146.750
146.750
146.000
145.500
144.750
144.250
143.750
142.750
142.250
141.750
141.500
140.500
140.000
139.750
139.250
138.500
138.250
137.750
137.000
136.500
135.500
135.250
134.750
134.000
133.500
133.000
132.500
132.250
131.250
131.000
130.250
129.250
129.250
128.750
128.500
127.750
127.250
126.500
126.250
125.500
125.000
124.500
124.000
123.750
123.000
122.500
122.250
121.500
121.250
120.500
120.250
119.250
119.000
118.250
118.000
117.750
117.250
116.750
116.250
115.750
115.000
115.000
114.250
113.750
113.250
113.000
112.500
112.000
111.500
110.750
110.750
110.250
109.750
109.250
109.000
108.250
108.000
107.500
107.250
106.750
106.500
105.250
105.500
105.000
104.500
104.250
103.750
103.250
103.250
102.500
102.250
101.250
101.250
100.750
100.250
100.000
99.750
99.250
99.000
98.500
98.000
97.500
97.250
97.000
96.500
96.000
95.250
95.000
95.000
94.500
94.500
94.000
93.250
92.250
92.500
92.500
92.250
91.500
91.500
90.750
90.500
89.750
89.750
89.500
89.500
89.000
88.750
88.500
88.000
87.750
87.250
87.000
86.750
86.250
86.250
85.750
85.500
85.000
84.750
84.750
83.750
83.250
83.750
83.000
82.750
82.750
82.000
82.250
82.000
81.500
81.250
80.500
80.750
80.250
80.000
79.750
79.750
79.250
79.000
78.750
78.750
78.250
78.000
77.250
76.750
77.000
77.000
76.250
76.750
76.000
75.750
75.500
75.250
74.750
74.750
75.000
74.500
74.000
74.000
73.750
73.500
73.250
73.000
72.750
72.250
72.250
71.750
71.750
71.750
71.500
71.250
71.000
71.250
70.500
70.250
70.000
70.250
69.750
69.500
69.750
69.250
68.750
68.500
68.250
68.250
67.750
67.500
67.750
67.750
67.250
66.500
67.000
67.250
67.000
66.500
66.500
66.250
66.000
65.250
65.250
64.750
65.000
65.000
64.750
64.750
64.500
64.250
64.500
64.250
64.000
64.000
63.750
64.000
63.750
63.500
63.000
63.500
63.000
62.750
62.750
62.750
62.250
62.500
62.000
62.000
62.000
61.500
61.750
61.750
61.750
61.250
61.000
60.750
61.000
60.250
60.000
60.000
59.750
60.000
60.000
59.750
59.750
59.500
59.250
59.250
59.000
58.750
58.750
58.750
58.250
58.750
58.000
58.750
58.750
58.000
57.750
58.500
58.000
58.750
57.750
58.500
58.250
58.000
57.750
57.500
57.500
57.500
57.500
57.500
57.250
57.000
57.250
57.250
57.000
57.000
57.000
57.000
57.000
56.500
56.500
56.750
56.500
56.250
56.250
56.500
56.000
56.250
56.000
56.000
56.250
56.000
55.750
56.000
56.000
55.250
55.750
56.000
55.750
55.750
55.750
55.250
55.250
55.500
55.000
55.000
55.500
55.250
55.250
55.250
55.250
54.750
55.000
55.000
54.750
55.000
54.500
54.750
54.250
54.750
54.750
54.750
54.500
54.500
54.000
54.000
54.500
54.250
54.500
54.500
54.500
54.250
54.250
54.000
53.750
53.750
54.000
54.000
54.000
54.000
53.750
53.750
53.750
53.250
53.500
53.500
54.000
53.500
54.000
53.500
53.500
53.500
52.750
53.250
53.250
53.500
53.250
53.250
53.250
53.500
53.250
52.750
53.000
52.500
